labels 0 7 13 18
7 0.0881785 0.502758 0.327183 0.0818809
7 0.0993277 0.41165 0.0852294 0.403793
13 0.360402 0.17938 0.45159 0.00862785
0 0.974572 0.019676 0.00485707 0.000894887
13 0.0738033 0.256176 0.40432 0.265702
0 0.960631 0.0323199 0.00635573 0.000692979
0 0.674842 0.244606 0.0570803 0.0234715
13 0.164719 0.348196 0.418664 0.0684211
0 0.667674 0.208052 0.103665 0.0206089
13 0.142179 0.230257 0.62547 0.00209348
7 0.465287 0.480909 0.0376093 0.0161949
13 0.309872 0.0360859 0.650526 0.00351627
0 0.636674 0.0748319 0.274644 0.0138505
0 0.974009 0.0212823 0.00337711 0.00133146
0 0.608427 0.366706 0.0243501 0.000516505
0 0.898558 0.0445592 0.0523173 0.00456572
0 0.671973 0.174992 0.0967448 0.056291
13 0.23807 0.085163 0.531963 0.144804
0 0.85641 0.0763343 0.0560466 0.0112092
0 0.812648 0.111879 0.0750118 0.000460919
0 0.997953 0.00170929 0.000178878 0.00015915
0 0.91707 0.0247005 0.0570639 0.00116596
0 0.646681 0.147647 0.133124 0.0725482
0 0.744459 0.0611581 0.183645 0.010738
0 0.591365 0.241981 0.146411 0.020244
13 0.063263 0.2311 0.685649 0.0199886
13 0.161969 0.142392 0.617428 0.07821
0 0.943512 0.0513699 0.00476156 0.000356117
0 0.402639 0.384167 0.161798 0.0513963
13 0.257022 0.283956 0.344366 0.114657
0 0.406174 0.104503 0.23777 0.251554
0 0.933228 0.0631669 0.00265475 0.000949888
0 0.558117 0.364766 0.0598272 0.0172896
0 0.800203 0.118382 0.0481583 0.0332573
13 0.0990726 0.103646 0.758843 0.0384377
0 0.727377 0.148775 0.102351 0.0214972
13 0.0497542 0.0771756 0.830504 0.0425663
0 0.887486 0.0967219 0.00754365 0.00824896
7 0.0657601 0.611757 0.12383 0.198653
7 0.210398 0.436699 0.155973 0.19693
0 0.986593 0.00940308 0.00341283 0.000590663
0 0.969063 0.0277879 0.00206955 0.00107916
0 0.972699 0.0152954 0.0111713 0.000834199
13 0.360269 0.141829 0.437361 0.0605411
0 0.779615 0.187333 0.0275425 0.00550857
13 0.100786 0.202035 0.466801 0.230378
13 0.0739808 0.0915096 0.811002 0.0235079
0 0.445883 0.113664 0.347891 0.0925619
18 0.0410247 0.260207 0.318031 0.380737
13 0.161828 0.250716 0.489732 0.0977248
7 0.177333 0.733587 0.0809821 0.00809814
13 0.133462 0.185225 0.630288 0.051025
13 0.0767079 0.326137 0.38304 0.214115
0 0.722663 0.117841 0.157406 0.00209033
18 0.171526 0.212247 0.305698 0.310529
0 0.983526 0.0133982 0.00284455 0.000230812
7 0.221639 0.414337 0.332864 0.0311604
7 0.112107 0.692424 0.165489 0.029979
0 0.795886 0.180358 0.0230384 0.000717922
0 0.872763 0.082442 0.0401281 0.00466727
0 0.78739 0.100715 0.0690188 0.0428757
0 0.649935 0.143283 0.191319 0.0154628
13 0.183712 0.0344652 0.766779 0.0150436
0 0.973226 0.0245177 0.00216632 9.0067e-05
0 0.361464 0.126315 0.273616 0.238605
7 0.080366 0.610504 0.257841 0.0512892
0 0.9777 0.0183825 0.00213418 0.00178287
0 0.68739 0.1216 0.184805 0.00620572
7 0.0504478 0.720438 0.193283 0.0358317
0 0.823455 0.0695889 0.0978953 0.00906078
7 0.0988724 0.740474 0.122452 0.0382008
0 0.985755 0.0130334 0.000935958 0.000275107
7 0.0726035 0.681581 0.182467 0.0633483
7 0.434342 0.502719 0.0593034 0.0036354
0 0.591531 0.239016 0.154165 0.015288
0 0.924763 0.0719181 0.00206861 0.00125025
0 0.531445 0.37124 0.0612881 0.036027
0 0.989392 0.00804179 0.0013846 0.00118169
0 0.529814 0.230808 0.21933 0.0200484
0 0.570369 0.214618 0.13736 0.0776534
0 0.98209 0.0102255 0.00464789 0.00303638
7 0.289366 0.434606 0.26507 0.0109585
0 0.993807 0.00391418 0.00184949 0.00042924
0 0.787857 0.150469 0.0527572 0.00891702
0 0.914779 0.0619226 0.0156241 0.0076745
0 0.85333 0.136841 0.00363024 0.00619951
0 0.566655 0.261432 0.168976 0.00293694
0 0.946569 0.0473287 0.00283531 0.00326671
13 0.329875 0.0574294 0.61165 0.00104572
0 0.873066 0.0951219 0.016656 0.0151557
0 0.988128 0.0101208 0.0015561 0.000194891
0 0.892709 0.0571323 0.0486639 0.00149501
13 0.172859 0.151685 0.470564 0.204892
0 0.65371 0.321633 0.0178812 0.00677499
0 0.556686 0.157915 0.262853 0.0225467
0 0.989602 0.00980686 0.000340347 0.000250659
0 0.827941 0.164904 0.00453651 0.00261838
18 0.0423346 0.107156 0.188829 0.66168
0 0.986599 0.0128 0.000455882 0.00014526
0 0.890627 0.100097 0.00531009 0.00396595
0 0.862774 0.0292693 0.0851237 0.022833
0 0.675777 0.305009 0.0116977 0.00751685
0 0.877307 0.0960917 0.0256871 0.000913701
0 0.510493 0.112917 0.324642 0.0519477
0 0.932346 0.0188597 0.0264823 0.0223117
13 0.105022 0.186484 0.676176 0.0323173
7 0.0660881 0.881031 0.0284406 0.0244404
7 0.151755 0.660657 0.183425 0.00416316
0 0.759395 0.222575 0.0079542 0.010076
0 0.970131 0.0279203 0.00128963 0.000659031
0 0.758605 0.184167 0.0503687 0.00685947
0 0.956978 0.0229731 0.017195 0.00285388
0 0.896879 0.0855678 0.0161801 0.00137275
0 0.614729 0.365213 0.00652978 0.0135277
7 0.331932 0.43635 0.229383 0.00233437
0 0.875471 0.115152 0.00673687 0.00264033
0 0.528697 0.286049 0.177438 0.00781587
7 0.352479 0.390263 0.167432 0.0898258
0 0.946587 0.0390179 0.0139727 0.000422383
13 0.258912 0.22303 0.503448 0.0146097
7 0.311965 0.548524 0.130254 0.00925729
13 0.0607469 0.258621 0.52399 0.156642
0 0.754464 0.0304306 0.206534 0.00857168
0 0.821202 0.0801594 0.0965974 0.00204168
0 0.828993 0.153998 0.0164722 0.000537034
0 0.651357 0.328896 0.0176618 0.00208576
0 0.833751 0.109514 0.036993 0.0197422
7 0.136509 0.557629 0.284081 0.0217813
0 0.974566 0.0213909 0.00180644 0.00223712
0 0.794694 0.100994 0.0929405 0.0113718
0 0.962624 0.0264422 0.00373893 0.00719494
0 0.936368 0.0568597 0.00566824 0.0011036
0 0.954316 0.0349872 0.0102948 0.000401586
7 0.32085 0.635807 0.0320557 0.0112871
0 0.512956 0.297451 0.179029 0.0105643
0 0.997122 0.0018063 0.00103785 3.37743e-05
0 0.568718 0.378183 0.0506293 0.00247034
13 0.0582364 0.270524 0.654084 0.0171557
0 0.466211 0.393467 0.135196 0.00512667
0 0.940906 0.0239822 0.0342395 0.000871771
7 0.374616 0.5291 0.0847802 0.0115041
0 0.624692 0.308216 0.0613506 0.00574216
0 0.419247 0.412742 0.159514 0.00849652
13 0.174766 0.0551555 0.71723 0.0528481
0 0.621031 0.355765 0.0165551 0.00664963
0 0.622092 0.274488 0.0738043 0.0296162
0 0.897965 0.0439851 0.0562594 0.00179048
0 0.544606 0.101686 0.349639 0.00406801
0 0.867481 0.0724491 0.0536312 0.00643921
7 0.333524 0.636768 0.0259057 0.00380206
13 0.146382 0.15328 0.687973 0.012365
0 0.975757 0.023698 0.000507378 3.73248e-05
0 0.948563 0.0341121 0.0170008 0.000324108
0 0.978463 0.0188099 0.00254566 0.000181379
0 0.984998 0.0123145 0.000961661 0.00172537
7 0.271918 0.636072 0.0803614 0.0116483
0 0.941435 0.0575343 0.000688853 0.000341367
0 0.814794 0.103902 0.0342091 0.0470947
0 0.545476 0.208222 0.174022 0.0722805
0 0.550657 0.263377 0.15113 0.0348361
13 0.0197737 0.0804701 0.807036 0.09272
0 0.947832 0.0494924 0.00258391 9.12861e-05
13 0.196395 0.338141 0.460651 0.00481215
0 0.746048 0.0392866 0.209486 0.00518006
0 0.696025 0.252695 0.0478806 0.00339906
7 0.141294 0.655504 0.133578 0.0696244
13 0.357367 0.0715973 0.559815 0.0112212
7 0.171461 0.605837 0.121828 0.100874
0 0.831779 0.154739 0.00417953 0.00930293
0 0.557915 0.211392 0.20575 0.0249422
13 0.313139 0.142543 0.523167 0.021151
0 0.911549 0.0735481 0.0127855 0.00211746
0 0.389779 0.132827 0.340306 0.137088
13 0.175757 0.30056 0.422947 0.100736
13 0.0668904 0.0871231 0.824995 0.0209916
0 0.978458 0.017717 0.00367041 0.000155078
0 0.937153 0.0596927 0.00155425 0.00160001
0 0.956062 0.0205722 0.0215333 0.00183197
7 0.344961 0.398215 0.232586 0.0242382
7 0.203466 0.570838 0.224208 0.00148786
0 0.919368 0.0733316 0.00522731 0.00207273
13 0.224411 0.0333671 0.738387 0.00383465
7 0.0324306 0.681712 0.274153 0.0117045
0 0.936688 0.0505945 0.00716141 0.0055566
0 0.836163 0.0391698 0.123102 0.00156512
7 0.239662 0.381755 0.34514 0.0334428
0 0.954649 0.0243773 0.0179021 0.00307121
18 0.0301975 0.0365972 0.241329 0.691877
0 0.480254 0.138076 0.365121 0.0165488
0 0.613347 0.249955 0.135352 0.00134669
0 0.721694 0.106714 0.168341 0.00325116
7 0.21371 0.595916 0.156244 0.0341299
0 0.449927 0.214216 0.228276 0.10758
0 0.592064 0.388605 0.0149424 0.00438897
0 0.400856 0.308061 0.252506 0.0385763
0 0.717513 0.256892 0.022409 0.00318621
18 0.0876597 0.297282 0.208116 0.406943
7 0.160987 0.662398 0.173544 0.00307131
0 0.952764 0.0389327 0.00754783 0.000755682
0 0.931035 0.0243167 0.0428788 0.00176964
0 0.394307 0.241644 0.182 0.182048
13 0.142408 0.239721 0.537698 0.0801728
0 0.976432 0.0219983 0.00119493 0.000374576
7 0.0119124 0.418567 0.377091 0.192429
0 0.533947 0.389405 0.0652114 0.0114366
13 0.0881895 0.35369 0.55145 0.0066705
0 0.748175 0.213706 0.0352494 0.00286917
0 0.577795 0.19743 0.213838 0.010936
13 0.0156787 0.16932 0.755082 0.059919
7 0.429589 0.494816 0.0483456 0.0272499
0 0.764261 0.164182 0.0611958 0.0103607
0 0.630153 0.291483 0.0771369 0.00122716
13 0.0748644 0.148228 0.446791 0.330117
0 0.720234 0.196039 0.0755178 0.00820974
0 0.601132 0.295191 0.0987786 0.00489919
0 0.771032 0.149088 0.0778444 0.00203568
13 0.067382 0.196969 0.658177 0.0774714
0 0.966204 0.00914498 0.023875 0.000775633
13 0.108532 0.389966 0.424933 0.076569
0 0.799805 0.0512932 0.146803 0.00209887
0 0.829963 0.111874 0.0567658 0.00139678
0 0.609298 0.37346 0.0126402 0.00460248
7 0.0184294 0.929647 0.0399675 0.0119563
7 0.110157 0.71193 0.175491 0.0024225
7 0.139783 0.465243 0.366522 0.0284522
0 0.502134 0.442163 0.0430155 0.0126877
0 0.474362 0.471653 0.0328172 0.0211682
7 0.0148123 0.921244 0.0597761 0.00416768
7 0.0714537 0.584986 0.318241 0.0253191
18 0.015564 0.319017 0.0729419 0.592477
13 0.216487 0.31228 0.468479 0.00275337
7 0.0926694 0.622882 0.255178 0.0292706
7 0.242865 0.59688 0.15337 0.00688476
0 0.720517 0.258549 0.018694 0.00223951
7 0.0569889 0.567007 0.133487 0.242517
7 0.0471624 0.748155 0.190934 0.0137484
7 0.0257058 0.716894 0.135476 0.121924
7 0.052662 0.648815 0.0563089 0.242214
7 0.309905 0.423563 0.243036 0.0234969
13 0.0588327 0.147729 0.782428 0.0110099
18 0.0099892 0.0486926 0.436533 0.504785
7 0.00543284 0.599297 0.122498 0.272772
0 0.476669 0.473692 0.0448424 0.00479681
7 0.0455908 0.394997 0.294852 0.26456
7 0.0577326 0.912665 0.0193815 0.0102209
13 0.0383522 0.0614834 0.499516 0.400648
18 0.0202729 0.192539 0.384183 0.403004
13 0.0660084 0.14053 0.787057 0.00640403
7 0.044385 0.534478 0.402261 0.0188754
7 0.0271722 0.725108 0.242401 0.00531831
0 0.653395 0.311273 0.0318839 0.00344781
0 0.592354 0.28744 0.109921 0.0102862
7 0.417521 0.554033 0.0280936 0.000352003
13 0.0189614 0.108174 0.737728 0.135137
7 0.00490101 0.983301 0.00802682 0.00377151
7 0.41632 0.505543 0.0536825 0.0244539
7 0.286939 0.610815 0.0985102 0.00373571
0 0.397939 0.390222 0.194908 0.0169299
7 0.0198508 0.84797 0.119064 0.0131151
0 0.669043 0.314487 0.0153496 0.00112048
7 0.0439461 0.865614 0.0693077 0.0211324
0 0.520575 0.325323 0.152067 0.00203582
7 0.383832 0.519838 0.0781872 0.0181422
7 0.0711424 0.768575 0.141391 0.0188921
13 0.025149 0.266113 0.679161 0.0295776
7 0.142775 0.522339 0.270043 0.0648424
0 0.829052 0.152353 0.0162175 0.00237817
7 0.0349322 0.501835 0.0732531 0.38998
0 0.530348 0.365869 0.103065 0.000718299
0 0.771068 0.0966403 0.128609 0.00368255
7 0.140188 0.630346 0.223226 0.00623965
7 0.125726 0.85323 0.0107946 0.0102494
7 0.0370517 0.639336 0.304698 0.0189145
18 0.00194357 0.0182567 0.0271813 0.952618
0 0.417454 0.346202 0.227849 0.00849514
7 0.0539842 0.707549 0.189919 0.0485483
13 0.0582042 0.137423 0.658821 0.145552
18 0.00174921 0.0343352 0.037848 0.926068
13 0.0783648 0.0837516 0.818685 0.0191991
0 0.691996 0.171373 0.118846 0.0177853
0 0.873794 0.0711686 0.0545155 0.000521943
13 0.0761645 0.233957 0.660106 0.0297726
7 0.0225196 0.578277 0.394787 0.00441638
7 0.206507 0.750005 0.0424063 0.00108237
13 0.0122255 0.137713 0.622132 0.22793
7 0.00545003 0.732873 0.248949 0.0127284
18 0.010789 0.188012 0.294136 0.507064
7 0.0426627 0.937864 0.00835194 0.0111212
13 0.00756298 0.244595 0.486414 0.261428
7 0.0608976 0.798325 0.133195 0.00758171
18 0.00071561 0.0807096 0.0307228 0.887852
7 0.109548 0.826959 0.057821 0.00567197
7 0.298427 0.493356 0.201899 0.00631836
18 0.0176777 0.128484 0.162669 0.69117
18 0.023622 0.132405 0.330567 0.513406
13 0.0279565 0.153588 0.701109 0.117347
7 0.0401207 0.579991 0.36539 0.0144979
7 0.116808 0.675345 0.0929508 0.114896
7 0.0295226 0.660158 0.283253 0.0270671
0 0.705621 0.269592 0.0138395 0.0109477
13 0.020392 0.302493 0.520097 0.157018
7 0.0876902 0.365758 0.29073 0.255821
7 0.0355088 0.738987 0.190167 0.0353368
13 0.146383 0.162138 0.688266 0.00321271
7 0.127183 0.794663 0.0697755 0.00837877
7 0.125792 0.666061 0.195721 0.0124262
7 0.108546 0.708986 0.159838 0.0226308
7 0.443864 0.502277 0.0422231 0.011636
13 0.0083268 0.0543139 0.590816 0.346544
0 0.443236 0.273023 0.266547 0.0171933
7 0.0784141 0.555618 0.330112 0.035856
13 0.11585 0.243042 0.633039 0.00806813
7 0.0413441 0.490716 0.42214 0.0457997
7 0.0532569 0.775756 0.116522 0.0544648
18 0.0106739 0.0404034 0.30951 0.639413
7 0.167158 0.811016 0.0152143 0.00661184
0 0.584695 0.307789 0.0955605 0.0119552
7 0.025085 0.746454 0.0336886 0.194772
7 0.0785819 0.647699 0.217747 0.0559714
7 0.0133631 0.673858 0.293329 0.0194494
7 0.0927372 0.528735 0.266379 0.112149
13 0.0700994 0.280408 0.477786 0.171706
13 0.034182 0.318952 0.631405 0.0154604
13 0.0209711 0.163589 0.581401 0.234039
13 0.0748197 0.0929734 0.830558 0.00164846
13 0.00390322 0.214113 0.568224 0.21376
7 0.212587 0.735844 0.0346247 0.016945
7 0.0590743 0.907787 0.019082 0.0140567
18 0.00869294 0.181379 0.371945 0.437983
7 0.13507 0.515151 0.313358 0.0364207
7 0.214454 0.505263 0.21615 0.0641324
7 0.0709616 0.561485 0.200651 0.166902
18 0.00817902 0.0836942 0.0917176 0.816409
13 0.112199 0.273154 0.568014 0.0466321
0 0.777452 0.107141 0.114326 0.00108203
7 0.0886019 0.686886 0.146191 0.0783217
13 0.0117528 0.307408 0.49549 0.185349
7 0.109341 0.518899 0.362427 0.00933336
7 0.168524 0.782803 0.0432623 0.00541025
13 0.0370378 0.0578233 0.503189 0.40195
18 0.00712948 0.110141 0.192548 0.690182
7 0.00887305 0.553729 0.40043 0.036968
0 0.712863 0.225476 0.0589292 0.00273143
7 0.0390672 0.776958 0.158429 0.0255456
13 0.0187344 0.3903 0.553378 0.0375878
7 0.0296451 0.403176 0.289052 0.278127
13 0.00624124 0.213011 0.664393 0.116355
7 0.0806539 0.535023 0.253102 0.131221
13 0.0556523 0.342051 0.42097 0.181326
7 0.147878 0.489393 0.357373 0.0053552
7 0.196147 0.681798 0.109965 0.0120897
7 0.238584 0.401326 0.346968 0.0131217
7 0.0215574 0.480626 0.442797 0.0550193
0 0.691927 0.202909 0.102786 0.00237755
7 0.0703497 0.801408 0.116826 0.0114165
18 0.00628292 0.348689 0.189575 0.455452
7 0.0238315 0.593743 0.252745 0.129681
18 0.00294458 0.081762 0.0434324 0.871861
7 0.0186754 0.555936 0.413393 0.0119958
7 0.317883 0.542368 0.131812 0.0079368
7 0.152304 0.430265 0.394416 0.0230155
13 0.0847406 0.258111 0.38334 0.273808
7 0.0315651 0.555573 0.370948 0.0419143
13 0.0128486 0.385484 0.593105 0.00856255
7 0.178216 0.765874 0.0537858 0.00212418
13 0.152246 0.319724 0.38346 0.144571
13 0.285294 0.181088 0.521404 0.0122137
13 0.0195945 0.0584272 0.816512 0.105466
7 0.0693499 0.483599 0.40417 0.0428818
13 0.0158202 0.0616703 0.639621 0.282888
13 0.123299 0.40071 0.428032 0.0479594
13 0.0905411 0.401389 0.486178 0.0218918
7 0.209431 0.566346 0.202571 0.0216516
0 0.509257 0.360076 0.127969 0.00269838
7 0.057405 0.897455 0.0300003 0.0151401
7 0.0207127 0.38683 0.309004 0.283454
7 0.0043269 0.729949 0.19917 0.0665545
18 0.00970762 0.183973 0.106031 0.700288
7 0.254791 0.601928 0.104648 0.0386322
7 0.00917008 0.623212 0.301338 0.0662797
13 0.174797 0.329389 0.45006 0.045754
7 0.00955725 0.600092 0.369362 0.0209884
0 0.677074 0.267724 0.0416927 0.0135093
13 0.0540341 0.351351 0.522876 0.0717386
7 0.0201438 0.596533 0.367958 0.0153647
7 0.0993881 0.754872 0.112814 0.0329257
18 0.0156141 0.105472 0.268492 0.610423
7 0.0570414 0.422575 0.402444 0.11794
7 0.096055 0.733471 0.160207 0.0102665
13 0.0397475 0.094993 0.830384 0.0348756
7 0.190735 0.666562 0.126059 0.016644
0 0.582916 0.410563 0.00612989 0.0003909
7 0.0355825 0.776325 0.145247 0.042845
7 0.168448 0.583556 0.21943 0.0285664
13 0.029802 0.146389 0.739862 0.0839469
7 0.0463006 0.585223 0.0410508 0.327426
7 0.303607 0.527823 0.164216 0.00435412
18 0.0008212 0.0243082 0.0801454 0.894725
7 0.289631 0.605902 0.0775062 0.02696
7 0.0250325 0.509671 0.0877895 0.377506
13 0.296908 0.0771994 0.391471 0.234421
7 0.0294704 0.935656 0.0302187 0.00465509
7 0.0456386 0.847822 0.0692827 0.0372569
7 0.0256854 0.938846 0.0294812 0.00598735
7 0.0114049 0.610336 0.366215 0.0120433
7 0.392556 0.600079 0.00554787 0.00181761
7 0.147903 0.66091 0.148294 0.0428933
7 0.0108956 0.643675 0.232102 0.113328
7 0.0100175 0.946379 0.0264066 0.0171973
7 0.110936 0.525855 0.340257 0.0229518
18 0.0276358 0.269192 0.287552 0.415621
7 0.102511 0.87392 0.0194089 0.00415977
7 0.0201646 0.677136 0.296613 0.00608666
13 0.0399299 0.316654 0.603213 0.0402026
7 0.0666078 0.832029 0.0761842 0.0251785
18 0.0440488 0.17001 0.211365 0.574576
7 0.0320387 0.812485 0.12502 0.0304564
7 0.00525459 0.963101 0.0189805 0.0126641
7 0.0875618 0.791791 0.107406 0.0132412
18 0.00221982 0.212281 0.0662105 0.719289
18 0.0114107 0.083145 0.396847 0.508597
13 0.0292805 0.300218 0.63592 0.0345809
7 0.11212 0.434446 0.43143 0.0220039
7 0.104089 0.541262 0.352858 0.00179041
13 0.00502614 0.123942 0.86328 0.0077521
7 0.16753 0.486256 0.322578 0.0236352
7 0.295268 0.374146 0.29653 0.034056
13 0.00583165 0.17251 0.443554 0.378104
7 0.0656418 0.56429 0.07471 0.295358
7 0.014037 0.796863 0.175283 0.0138171
13 0.108914 0.423845 0.447842 0.0193996
7 0.015022 0.499172 0.394671 0.0911352
13 0.00700149 0.227969 0.466467 0.298563
7 0.0208033 0.479085 0.474278 0.025833
7 0.186406 0.72075 0.0762737 0.0165697
13 0.119118 0.122234 0.755126 0.00352135
7 0.0406976 0.440768 0.22026 0.298275
7 0.140122 0.796677 0.0531545 0.0100472
7 0.0612581 0.659617 0.186948 0.0921771
7 0.0108998 0.850835 0.118759 0.0195059
7 0.179346 0.656925 0.132236 0.031493
7 0.156888 0.45027 0.335937 0.0569063
7 0.00499198 0.837603 0.144151 0.0132545
13 0.0631245 0.466529 0.467012 0.00333476
7 0.105762 0.848154 0.0349213 0.0111631
7 0.0354416 0.610506 0.315728 0.0383237
13 0.026617 0.474279 0.487252 0.0118523
13 0.1375 0.185958 0.641288 0.0352536
7 0.178271 0.47908 0.19686 0.145789
0 0.704099 0.260455 0.0352037 0.000241921
13 0.0739908 0.330137 0.418789 0.177082
13 0.0562027 0.437217 0.501362 0.00521913
7 0.067396 0.437476 0.143748 0.351379
7 0.141107 0.753065 0.0816647 0.0241631
7 0.0239294 0.685771 0.284656 0.00564338
18 0.00271471 0.0501202 0.0204051 0.92676
7 0.145012 0.763802 0.0709596 0.020227
13 0.0462754 0.0995107 0.836075 0.0181389
7 0.018568 0.838494 0.13926 0.00367779
7 0.00732995 0.972245 0.0151043 0.00532042
7 0.0233398 0.844195 0.129197 0.00326859
13 0.0902294 0.34827 0.393898 0.167603
7 0.0415391 0.659269 0.0968658 0.202326
7 0.0331059 0.590658 0.353303 0.022933
13 0.0133805 0.399247 0.56299 0.0243832
7 0.009109 0.943038 0.0347731 0.0130803
13 0.0112955 0.3345 0.616415 0.0377899
18 0.00356939 0.027964 0.184339 0.784128
13 0.167447 0.39002 0.43957 0.00296246
13 0.0429972 0.114415 0.563964 0.278624
18 0.00571442 0.320011 0.18887 0.485405
7 0.0164869 0.756795 0.168961 0.0577573
13 0.0261414 0.254216 0.623977 0.0956655
13 0.00834085 0.0301515 0.498663 0.462845
0 0.583725 0.396669 0.0156953 0.00391069
0 0.495582 0.468609 0.0329897 0.00281867
13 0.149764 0.390334 0.396091 0.0638107
0 0.309855 0.299328 0.296557 0.0942594
7 0.0711666 0.769121 0.125893 0.0338194
7 0.190594 0.66294 0.143221 0.00324487
7 0.355989 0.601878 0.030499 0.0116335
18 0.0134359 0.0391606 0.178874 0.76853
0 0.505494 0.426698 0.0660748 0.00173295
7 0.00424481 0.922442 0.0691108 0.00420282
7 0.0307669 0.675413 0.27 0.0238199
18 0.00585491 0.131154 0.4172 0.445791
7 0.0383259 0.615292 0.307668 0.038714
7 0.0193396 0.683033 0.109666 0.187961
7 0.115987 0.801995 0.0642747 0.0177437
13 0.239859 0.23658 0.516449 0.00711256
7 0.179784 0.77519 0.0340063 0.0110206
0 0.59699 0.290089 0.0726329 0.0402881
13 0.0301185 0.392867 0.548852 0.0281618
7 0.0793682 0.897267 0.0204357 0.0029293
18 0.00685096 0.0872353 0.122375 0.783538
7 0.0482146 0.554419 0.286639 0.110728
7 0.187853 0.701596 0.105837 0.00471348
7 0.425985 0.464669 0.10738 0.00196669
7 0.0858435 0.504987 0.40269 0.00647923
7 0.122532 0.657452 0.202649 0.0173666
13 0.0143744 0.104131 0.482144 0.399351
7 0.0932061 0.506487 0.220203 0.180104
7 0.319572 0.503618 0.150302 0.0265081
0 0.596261 0.29717 0.105952 0.000617017
7 0.133655 0.731971 0.0529793 0.0813945
7 0.00699869 0.85808 0.0501677 0.0847534
13 0.0421278 0.230012 0.692544 0.0353161
7 0.0308698 0.669305 0.292647 0.00717828
13 0.0218239 0.162509 0.510141 0.305526
13 0.0623948 0.277143 0.633477 0.0269853
7 0.025555 0.933077 0.0380679 0.00330028
13 0.0269515 0.288246 0.431301 0.253501
7 0.296559 0.664335 0.0371412 0.00196524
0 0.635208 0.347974 0.0110782 0.00574014
7 0.035106 0.454275 0.159754 0.350866
7 0.254086 0.493748 0.224521 0.0276449
18 0.00637796 0.207785 0.128197 0.657641
18 0.0141334 0.140256 0.19119 0.654421
7 0.0261218 0.861232 0.0771758 0.0354705
0 0.837897 0.0720391 0.0866316 0.00343271
7 0.0091829 0.69653 0.19972 0.0945672
7 0.060514 0.763834 0.17074 0.00491262
0 0.488331 0.479761 0.0265852 0.00532348
13 0.0219307 0.213073 0.623702 0.141294
7 0.383176 0.590104 0.0154796 0.0112408
7 0.448416 0.456794 0.0381422 0.0566476
13 0.0624176 0.249565 0.660622 0.0273955
7 0.0751092 0.876188 0.0340249 0.014678
0 0.540413 0.346888 0.106051 0.00664782
7 0.0600148 0.844454 0.0436106 0.0519206
7 0.085755 0.804542 0.0892496 0.0204532
7 0.175298 0.626179 0.122 0.0765226
0 0.581655 0.322054 0.0780193 0.0182712
7 0.15552 0.693979 0.146692 0.003809
7 0.0902948 0.792027 0.105528 0.0121504
7 0.23885 0.70898 0.042855 0.00931514
7 0.305676 0.633503 0.048349 0.0124726
7 0.0295347 0.836984 0.0910145 0.0424667
7 0.132769 0.477773 0.341363 0.0480946
0 0.681942 0.126956 0.181551 0.00955169
7 0.352976 0.464145 0.179866 0.00301369
7 0.171915 0.796691 0.0251426 0.00625206
7 0.156449 0.760837 0.0764985 0.00621462
0 0.697947 0.0642957 0.215395 0.0223618
7 0.0561094 0.746982 0.175554 0.0213551
7 0.0331879 0.496712 0.347463 0.122637
0 0.416718 0.268768 0.274689 0.039825
0 0.586928 0.27861 0.08506 0.0494023
13 0.0238044 0.118003 0.649345 0.208848
18 0.00773055 0.0426135 0.131956 0.8177
13 0.311892 0.0747673 0.59332 0.0200201
13 0.0137827 0.148421 0.743621 0.0941754
7 0.0138006 0.569484 0.107024 0.309691
13 0.0530371 0.115476 0.822624 0.00886245
13 0.109319 0.259379 0.611053 0.0202489
13 0.00272279 0.277106 0.528653 0.191518
0 0.63326 0.186385 0.175511 0.00484412
18 0.00726201 0.0327834 0.244416 0.715539
13 0.031672 0.234394 0.714074 0.01986
13 0.23755 0.072466 0.677572 0.0124119
7 0.0233437 0.711739 0.139721 0.125196
13 0.0144854 0.0598883 0.68773 0.237897
13 0.0305295 0.407551 0.548215 0.013705
13 0.00635739 0.0404752 0.731485 0.221682
13 0.0271134 0.038295 0.647293 0.287299
13 0.287465 0.164379 0.524112 0.0240446
7 0.059204 0.377088 0.348065 0.215642
13 0.0614449 0.118751 0.528683 0.291122
13 0.0074244 0.0497263 0.497087 0.445762
13 0.143442 0.292222 0.540942 0.0233937
13 0.00564358 0.0590002 0.906115 0.0292411
13 0.234159 0.193556 0.565004 0.00728117
0 0.820588 0.0795978 0.0875341 0.0122802
13 0.0848722 0.242472 0.666458 0.00619777
18 0.246399 0.243071 0.246831 0.263699
13 0.0362442 0.0252079 0.932368 0.0061795
13 0.364138 0.177681 0.445927 0.0122532
13 0.0114611 0.21792 0.767007 0.00361202
13 0.0599965 0.295553 0.626562 0.0178884
0 0.590671 0.102116 0.305436 0.0017767
13 0.00442994 0.0816643 0.896535 0.0173705
13 0.073497 0.370378 0.517061 0.039064
13 0.0989471 0.21252 0.665252 0.0232813
13 0.155231 0.181798 0.616218 0.0467533
7 0.0458656 0.564492 0.199666 0.189977
7 0.130779 0.707822 0.160123 0.00127557
13 0.053373 0.0869613 0.769951 0.0897145
13 0.0638031 0.407018 0.493449 0.0357302
13 0.104425 0.203894 0.64663 0.0450502
13 0.00758397 0.0467111 0.849763 0.0959418
18 0.0120914 0.0840039 0.331378 0.572526
13 0.139509 0.124407 0.702159 0.0339245
13 0.0782035 0.141292 0.774039 0.00646543
7 0.0453271 0.448973 0.414329 0.091371
0 0.421092 0.245171 0.331123 0.00261401
13 0.0399341 0.18013 0.73829 0.0416456
7 0.221171 0.359542 0.12495 0.294337
13 0.0379397 0.0670955 0.509429 0.385536
13 0.0424058 0.369279 0.549206 0.0391086
13 0.0680939 0.214101 0.634302 0.0835033
13 0.0349553 0.212661 0.735586 0.0167974
13 0.165669 0.154424 0.405874 0.274033
7 0.286232 0.600893 0.10031 0.0125647
13 0.0250463 0.0402919 0.892006 0.0426553
0 0.353722 0.162534 0.236448 0.247295
13 0.0233925 0.0771854 0.703653 0.195769
13 0.0186496 0.0874497 0.815917 0.0779837
7 0.0731967 0.606865 0.200357 0.119581
7 0.0207315 0.526529 0.386617 0.0661226
13 0.0371537 0.380234 0.576332 0.00627974
13 0.0266432 0.135876 0.823681 0.0137998
13 0.0231391 0.141761 0.489526 0.345574
13 0.0446796 0.102166 0.743037 0.110117
18 0.010651 0.0829759 0.305718 0.600655
13 0.0271092 0.062015 0.582427 0.328449
13 0.0965006 0.37131 0.524127 0.00806283
13 0.0294289 0.316691 0.639015 0.0148653
18 0.00189549 0.0392035 0.466784 0.492117
13 0.0984242 0.365793 0.512463 0.0233206
7 0.0162143 0.530155 0.442649 0.0109819
13 0.0280085 0.264342 0.664833 0.0428164
13 0.0232726 0.133054 0.766191 0.0774827
7 0.0249293 0.709686 0.25253 0.012855
13 0.0269119 0.283105 0.589203 0.10078
13 0.0263389 0.175745 0.759642 0.0382745
13 0.0401508 0.200618 0.741882 0.0173499
7 0.208081 0.691609 0.0968589 0.00345079
13 0.018465 0.0955753 0.621177 0.264783
13 0.00227602 0.0584825 0.910295 0.028946
13 0.148912 0.13039 0.718294 0.00240489
7 0.0297183 0.493725 0.470304 0.00625315
18 0.00240799 0.0539436 0.065949 0.877699
18 0.008066 0.0971412 0.290399 0.604394
13 0.0917789 0.113858 0.788499 0.00586441
18 0.0166371 0.027351 0.388913 0.567098
7 0.0451315 0.624908 0.30506 0.0249001
13 0.0166584 0.402878 0.56918 0.0112839
13 0.00979267 0.372135 0.542883 0.0751887
13 0.151345 0.410071 0.420568 0.0180157
13 0.050269 0.100217 0.758566 0.0909475
13 0.00574502 0.292161 0.682636 0.0194578
13 0.0394375 0.397816 0.497836 0.064911
13 0.0278006 0.112832 0.830437 0.0289296
18 0.00403334 0.170614 0.410738 0.414615
18 0.00864181 0.0912063 0.395933 0.504218
13 0.014211 0.230401 0.497086 0.258302
7 0.152241 0.431617 0.329559 0.0865832
13 0.16262 0.0837906 0.75023 0.00335969
13 0.0352575 0.0537197 0.676489 0.234534
13 0.0046175 0.096797 0.866502 0.0320831
13 0.12936 0.0550245 0.803298 0.0123173
13 0.00397403 0.228656 0.574554 0.192816
13 0.0115649 0.117382 0.750194 0.120859
13 0.0390987 0.203653 0.639153 0.118095
18 0.00602082 0.0681669 0.238421 0.687392
13 0.201582 0.149738 0.60239 0.0462906
13 0.0740724 0.199991 0.649928 0.0760083
13 0.0259784 0.0598256 0.470682 0.443514
13 0.040511 0.0865325 0.774709 0.0982478
13 0.113322 0.243877 0.606473 0.0363281
13 0.0165903 0.188362 0.712916 0.0821314
7 0.1335 0.708373 0.134826 0.0233009
13 0.153298 0.319744 0.518933 0.00802416
13 0.00438194 0.0202592 0.522476 0.452883
13 0.208066 0.156884 0.527814 0.107236
7 0.115871 0.706188 0.17477 0.00317057
13 0.0317119 0.127909 0.780042 0.0603369
7 0.232514 0.520571 0.218036 0.028879
7 0.0430627 0.517793 0.279885 0.15926
13 0.234397 0.0957766 0.635728 0.0340991
13 0.0165485 0.0951129 0.571141 0.317197
0 0.450312 0.22512 0.292555 0.0320136
13 0.0764733 0.137595 0.754812 0.0311201
7 0.0675538 0.681661 0.238069 0.0127162
13 0.0107806 0.343491 0.564139 0.0815889
0 0.775351 0.0477162 0.172185 0.00474815
7 0.182014 0.75287 0.0556722 0.00944368
13 0.00341918 0.0904074 0.839282 0.0668917
13 0.284545 0.341325 0.357669 0.0164607
13 0.015705 0.217884 0.677787 0.088624
13 0.0425048 0.211193 0.740549 0.00575261
13 0.0496676 0.299412 0.467689 0.183232
13 0.00865195 0.0160593 0.972413 0.00287557
13 0.0495063 0.154883 0.656153 0.139458
7 0.0886193 0.68354 0.208862 0.0189781
13 0.314543 0.172243 0.493003 0.020211
13 0.014932 0.0656046 0.517082 0.402381
13 0.117165 0.250444 0.595968 0.0364233
7 0.0995834 0.492064 0.381476 0.0268772
13 0.0129666 0.238323 0.574805 0.173906
13 0.0266144 0.289782 0.65073 0.0328731
13 0.0101923 0.0704594 0.796323 0.123025
18 0.00555353 0.227383 0.0603028 0.706761
18 0.000871178 0.0747465 0.285505 0.638878
7 0.170052 0.602499 0.217623 0.00982597
13 0.0199648 0.299339 0.67373 0.00696588
18 0.00664936 0.0241785 0.225888 0.743284
13 0.0568828 0.0590379 0.71598 0.168099
13 0.00736735 0.0691423 0.900232 0.0232588
18 0.00621501 0.201579 0.26329 0.528917
18 0.00913422 0.0597685 0.380517 0.55058
7 0.0589931 0.655989 0.139743 0.145275
7 0.211596 0.665331 0.120951 0.00212248
18 0.0140315 0.106288 0.12571 0.75397
13 0.011485 0.0895617 0.485571 0.413382
13 0.0352602 0.0384987 0.838994 0.0872472
13 0.0808779 0.121704 0.731743 0.0656751
13 0.0796025 0.247155 0.652415 0.0208272
13 0.128414 0.0743362 0.776989 0.0202612
7 0.124976 0.375446 0.300577 0.199
13 0.041861 0.0379692 0.732163 0.188007
13 0.0419247 0.182811 0.502252 0.273012
7 0.351658 0.419594 0.225844 0.00290342
18 0.0312012 0.103141 0.277606 0.588051
13 0.0259907 0.0510456 0.856329 0.0666352
7 0.0640823 0.649095 0.258283 0.0285402
13 0.00794337 0.140624 0.77334 0.0780917
18 0.00456245 0.3383 0.2773 0.379837
13 0.0197134 0.204329 0.440535 0.335423
13 0.0514818 0.115285 0.778024 0.0552087
13 0.101366 0.201588 0.610594 0.0864516
18 0.00178384 0.0556606 0.111846 0.83071
13 0.00157904 0.284166 0.37736 0.336895
7 0.0492954 0.579116 0.286069 0.0855196
13 0.166837 0.292194 0.498066 0.0429022
18 0.00414825 0.149528 0.227162 0.619161
7 0.0608373 0.60339 0.331162 0.00461053
13 0.0309413 0.166534 0.772539 0.0299857
13 0.0911965 0.327973 0.561513 0.0193175
13 0.196585 0.185425 0.612195 0.00579598
13 0.0932354 0.430558 0.460631 0.0155754
13 0.120975 0.124853 0.694315 0.0598567
13 0.10209 0.156226 0.371126 0.370558
13 0.00460679 0.188086 0.782901 0.024406
13 0.0213834 0.173199 0.738257 0.0671608
13 0.0333058 0.270699 0.505876 0.190119
13 0.226548 0.309308 0.461012 0.00313238
13 0.0613222 0.149787 0.780917 0.0079743
7 0.0368906 0.527936 0.428321 0.00685252
18 0.00198911 0.193852 0.105543 0.698616
7 0.118678 0.427896 0.231475 0.221951
13 0.169771 0.110739 0.662517 0.0569732
13 0.00253872 0.141068 0.632313 0.224081
13 0.00695767 0.341021 0.356285 0.295736
13 0.0340389 0.125133 0.81382 0.0270075
13 0.117579 0.262457 0.586891 0.033073
13 0.156793 0.230685 0.562036 0.0504855
0 0.426956 0.183184 0.315923 0.0739362
13 0.00464814 0.245034 0.568272 0.182046
13 0.0216898 0.068836 0.501814 0.40766
13 0.0173033 0.108756 0.848279 0.0256621
7 0.147562 0.697301 0.145082 0.0100551
13 0.0193376 0.360721 0.609865 0.0100763
13 0.00376269 0.0945188 0.478477 0.423241
13 0.0173032 0.441635 0.505063 0.0359984
13 0.0798939 0.182434 0.657118 0.0805538
13 0.0202076 0.407027 0.478417 0.0943483
18 0.0111132 0.316012 0.2533 0.419575
18 0.0221152 0.0427078 0.339113 0.596064
13 0.00525792 0.121766 0.820329 0.0526464
13 0.164268 0.195022 0.626927 0.0137832
13 0.05494 0.0934168 0.758411 0.0932323
13 0.0337104 0.0571995 0.623797 0.285294
13 0.255361 0.185511 0.551348 0.0077807
13 0.035415 0.116682 0.503306 0.344597
7 0.128879 0.723475 0.119615 0.0280307
18 0.00937527 0.0967583 0.342701 0.551165
13 0.168253 0.0880826 0.604458 0.139206
13 0.0150467 0.120361 0.499978 0.364614
7 0.0226774 0.621071 0.184159 0.172093
13 0.262256 0.30889 0.41204 0.0168145
13 0.336937 0.153646 0.485322 0.0240947
18 0.00542259 0.0414369 0.363204 0.589936
13 0.142525 0.106627 0.71444 0.0364083
18 0.00612241 0.028733 0.480226 0.484918
7 0.344698 0.369419 0.257251 0.0286317
7 0.020449 0.712615 0.255557 0.0113787
7 0.128323 0.643732 0.223815 0.00413028
7 0.119187 0.432141 0.405356 0.0433157
0 0.717711 0.12779 0.107525 0.0469732
13 0.0238319 0.204344 0.746982 0.0248414
13 0.0222255 0.0738945 0.781506 0.122374
0 0.764281 0.129148 0.105476 0.0010955
13 0.221532 0.0699452 0.638021 0.0705021
13 0.162421 0.12751 0.618565 0.0915042
13 0.0159467 0.0805667 0.750008 0.153478
13 0.242801 0.109119 0.615755 0.0323257
7 0.090329 0.635144 0.239954 0.0345732
18 0.0367908 0.178295 0.377959 0.406955
13 0.013902 0.0856793 0.760733 0.139686
13 0.0188627 0.116108 0.784272 0.0807581
13 0.0188218 0.307427 0.596574 0.077177
18 0.00293763 0.0432056 0.300535 0.653322
7 0.026651 0.487705 0.436396 0.0492483
18 0.00859917 0.123496 0.16503 0.702876
7 0.0726389 0.57861 0.327798 0.0209526
18 0.00231312 0.0191115 0.120592 0.857983
7 0.127037 0.453828 0.372367 0.0467679
13 0.153994 0.102837 0.72824 0.0149294
7 0.0186188 0.806641 0.165915 0.00882582
7 0.0255684 0.555059 0.38931 0.0300631
13 0.170708 0.146571 0.667178 0.015543
7 0.024937 0.533468 0.432104 0.00949155
13 0.114975 0.286545 0.572463 0.0260168
13 0.0564774 0.288514 0.611146 0.0438622
7 0.26025 0.419084 0.280421 0.0402461
7 0.0658085 0.341676 0.274948 0.317567
13 0.277768 0.326752 0.372767 0.0227132
7 0.0431303 0.543721 0.24768 0.165469
13 0.0159077 0.163016 0.544034 0.277042
7 0.0407888 0.875284 0.0752565 0.00867042
7 0.0525763 0.719874 0.213003 0.0145466
13 0.00484551 0.165241 0.758067 0.0718469
18 0.0273384 0.330117 0.227426 0.415119
7 0.319808 0.394275 0.280265 0.00565164
18 0.00827464 0.0828746 0.171101 0.737749
13 0.102754 0.273117 0.601394 0.0227353
18 0.0182116 0.226494 0.339638 0.415656
18 0.153714 0.140253 0.144047 0.561987
13 0.104314 0.0688197 0.75703 0.0698368
13 0.101695 0.25088 0.643238 0.00418753
13 0.0690101 0.314412 0.581887 0.0346907
13 0.180338 0.3804 0.404834 0.0344275
13 0.00233074 0.0965624 0.739405 0.161702
13 0.0224586 0.16551 0.64032 0.171711
13 0.0650577 0.357572 0.55005 0.0273207
13 0.0170546 0.0604002 0.867761 0.0547846
13 0.0907326 0.171566 0.661814 0.075888
18 0.0780332 0.106688 0.393295 0.421984
13 0.0263804 0.146656 0.817284 0.00967966
18 0.0012405 0.0438889 0.16396 0.790911
13 0.0999722 0.3108 0.575528 0.0137002
0 0.454423 0.345072 0.197698 0.00280679
13 0.247372 0.320346 0.429399 0.00288329
7 0.0867333 0.486476 0.305454 0.121337
13 0.0564375 0.0806066 0.859379 0.0035767
7 0.104308 0.508786 0.3606 0.0263053
18 0.00141797 0.0388662 0.206367 0.753349
7 0.0307796 0.438887 0.379692 0.150642
18 0.00675628 0.0641058 0.313006 0.616131
13 0.27544 0.106484 0.591245 0.0268301
7 0.0650811 0.788944 0.1332 0.0127754
13 0.0144679 0.108866 0.576465 0.300201
13 0.209167 0.206336 0.579046 0.00545111
13 0.103349 0.255101 0.585244 0.0563062
13 0.0103501 0.119114 0.780893 0.0896425
18 0.00537057 0.0285257 0.205674 0.76043
18 0.000762632 0.0289918 0.244395 0.72585
13 0.0385504 0.338844 0.585989 0.0366162
13 0.0155842 0.13732 0.822329 0.024767
7 0.0131184 0.586809 0.252843 0.14723
18 0.0177056 0.339854 0.205752 0.436688
13 0.0218785 0.345559 0.612911 0.0196513
7 0.0646755 0.500622 0.379378 0.0553253
18 0.0035453 0.0443096 0.172482 0.779663
13 0.249044 0.172374 0.574863 0.00371932
13 0.0389139 0.233173 0.64605 0.0818636
13 0.0493632 0.352568 0.570505 0.0275633
13 0.0511302 0.128606 0.627498 0.192766
7 0.0145527 0.500977 0.434641 0.0498287
13 0.280929 0.167302 0.519236 0.0325328
13 0.124245 0.26413 0.594905 0.016721
13 0.021713 0.0466333 0.898325 0.0333287
13 0.00900726 0.133169 0.740898 0.116926
13 0.040181 0.188132 0.60813 0.163557
18 0.0356811 0.0511825 0.288155 0.624981
13 0.0277378 0.394581 0.565323 0.0123583
13 0.0296838 0.443828 0.445694 0.0807941
7 0.00762475 0.612371 0.272298 0.107706
7 0.05765 0.590151 0.318862 0.0333377
13 0.0135466 0.184862 0.609729 0.191862
7 0.0363686 0.571494 0.361985 0.030152
13 0.0492664 0.119668 0.692768 0.138297
18 0.00336841 0.136248 0.0912087 0.769175
13 0.0271365 0.102971 0.796227 0.0736659
13 0.127271 0.23106 0.399247 0.242422
13 0.0347908 0.208787 0.693561 0.0628607
13 0.00985308 0.105802 0.593063 0.291282
0 0.473883 0.173174 0.349878 0.0030656
7 0.0373526 0.714418 0.226618 0.0216107
13 0.0620138 0.140719 0.580732 0.216535
18 0.00892414 0.0508404 0.363297 0.576938
13 0.0116118 0.267686 0.683962 0.0367409
13 0.097798 0.150685 0.611287 0.14023
7 0.0140507 0.440457 0.34319 0.202302
13 0.0808156 0.174241 0.397925 0.347018
13 0.083201 0.140841 0.762604 0.013354
7 0.0903205 0.643196 0.242334 0.0241494
7 0.17314 0.675146 0.144914 0.00680022
18 0.00138418 0.0673825 0.0600559 0.871177
18 0.0156059 0.0339631 0.357362 0.593069
18 0.0127882 0.0360707 0.196056 0.755085
18 0.0143641 0.126673 0.164833 0.69413
0 0.54379 0.274098 0.0732969 0.108815
7 0.0739222 0.461914 0.112672 0.351492
13 0.0292824 0.150716 0.689342 0.13066
13 0.0517045 0.150636 0.535358 0.262302
18 0.00324338 0.087676 0.0613862 0.847694
7 0.0706593 0.635935 0.255619 0.0377873
18 0.00207021 0.0180341 0.116746 0.86315
18 0.00121996 0.0223453 0.0387088 0.937726
18 0.00972752 0.0873249 0.407916 0.495031
13 0.00425081 0.0765369 0.544577 0.374636
13 0.0231875 0.0533178 0.48032 0.443175
18 0.00394031 0.0514598 0.113963 0.830636
18 0.0146713 0.111103 0.131389 0.742837
18 0.00623923 0.0381373 0.227446 0.728178
18 0.00743887 0.188454 0.159256 0.644851
18 0.0031881 0.186368 0.123198 0.687246
7 0.051651 0.424762 0.185468 0.338119
18 0.000415622 0.0567404 0.0562222 0.886622
18 0.00828337 0.300852 0.079112 0.611753
18 0.00458343 0.128274 0.13991 0.727233
18 0.0255434 0.31308 0.126824 0.534553
18 0.00416546 0.0471674 0.139416 0.809251
13 0.0360297 0.306281 0.332518 0.325171
18 0.00525174 0.019663 0.152582 0.822503
7 0.0467156 0.493913 0.309918 0.149452
13 0.0616891 0.153313 0.426249 0.358749
18 0.0117643 0.02806 0.254188 0.705988
18 0.0038385 0.0527637 0.116483 0.826915
13 0.0146236 0.0701109 0.660821 0.254444
18 0.0108499 0.0625327 0.123366 0.803252
13 0.0211261 0.046495 0.641274 0.291105
13 0.018228 0.0192043 0.544518 0.418049
18 0.00164676 0.0464345 0.0428424 0.909076
7 0.0123103 0.572773 0.221767 0.193149
18 0.00515326 0.0215588 0.178204 0.795084
18 0.00293993 0.0196246 0.14325 0.834186
18 0.0134595 0.301686 0.1775 0.507355
18 0.0121816 0.0356481 0.353847 0.598323
18 0.0547662 0.330923 0.132648 0.481664
18 0.0238228 0.384172 0.107417 0.484588
13 0.258025 0.201002 0.478068 0.0629058
18 0.00980409 0.0216363 0.420537 0.548022
7 0.0282596 0.412366 0.341801 0.217574
18 0.012691 0.231191 0.0748659 0.681252
18 0.00892578 0.161306 0.233752 0.596016
18 0.000233216 0.025798 0.0587202 0.915249
13 0.0077088 0.0506286 0.766617 0.175046
18 0.00209334 0.0188014 0.124684 0.854421
13 0.0500697 0.366708 0.378329 0.204893
18 0.00822115 0.0504699 0.174927 0.766382
7 0.297796 0.562352 0.0803888 0.0594629
18 0.00483327 0.0591906 0.113356 0.82262
7 0.156224 0.419158 0.202957 0.221661
18 0.00704945 0.111861 0.103434 0.777656
18 0.0188712 0.224786 0.119755 0.636588
18 0.0135258 0.112836 0.232398 0.64124
13 0.0690487 0.111761 0.673058 0.146132
18 0.0100165 0.0632799 0.143582 0.783121
18 0.0114783 0.192679 0.0419281 0.753915
18 0.00466584 0.0697066 0.320965 0.604663
18 0.0432572 0.439287 0.0591514 0.458305
18 0.0108995 0.185727 0.234224 0.569149
18 0.00251627 0.0785681 0.0637171 0.855198
18 0.00371207 0.0217405 0.135139 0.839409
18 0.0109223 0.317018 0.29055 0.381509
18 0.00934373 0.13599 0.0734454 0.781221
13 0.107943 0.0430457 0.464926 0.384085
18 0.032602 0.215036 0.233155 0.519207
13 0.0152273 0.075525 0.499657 0.409591
18 0.0262001 0.049084 0.369069 0.555647
18 0.00202958 0.0154941 0.0848464 0.89763
18 0.020788 0.376534 0.0376042 0.565074
7 0.00384277 0.436445 0.380469 0.179243
18 0.00459075 0.029142 0.111636 0.854631
18 0.00470226 0.16449 0.0426805 0.788128
18 0.0146288 0.12726 0.164312 0.693799
7 0.227597 0.348794 0.278858 0.144751
18 0.00204838 0.0251853 0.15761 0.815156
18 0.0221179 0.113758 0.363008 0.501116
18 0.00306737 0.0549723 0.170573 0.771388
18 0.0065411 0.230555 0.157009 0.605894
18 0.0045101 0.0345737 0.0538061 0.90711
18 0.00055119 0.0376426 0.0428172 0.918989
13 0.00379288 0.0323059 0.778233 0.185668
18 0.000918147 0.0101488 0.0161578 0.972775
7 0.0439194 0.862074 0.0766433 0.0173633
18 0.0331559 0.223951 0.0852132 0.65768
13 0.07962 0.076931 0.529262 0.314187
18 0.0082263 0.0496723 0.416388 0.525713
18 0.00695077 0.0223238 0.342859 0.627866
18 0.0120437 0.114621 0.379566 0.493769
18 0.0171209 0.0354461 0.227346 0.720087
18 0.000841434 0.0506482 0.0922119 0.856299
13 0.030597 0.0401217 0.571927 0.357354
13 0.00498406 0.183462 0.500995 0.310558
7 0.349542 0.39848 0.0682361 0.183742
18 0.0781687 0.0567872 0.21501 0.650034
18 0.00508472 0.273953 0.188623 0.532339
18 0.00123356 0.0156681 0.0497751 0.933323
18 0.0615773 0.336837 0.220362 0.381224
