labels 0 7 13 18
0 0.753884 0.224712 0.0106465 0.0107574
0 0.96048 0.0321582 0.00666751 0.000694477
0 0.911282 0.0796471 0.00783399 0.0012374
0 0.803927 0.0183719 0.17737 0.000330983
0 0.816475 0.16864 0.00910001 0.00578436
0 0.828737 0.096268 0.0456652 0.0293302
0 0.897139 0.0959516 0.00416145 0.00274753
0 0.79364 0.148722 0.0225137 0.0351244
0 0.992146 0.00559916 0.0015023 0.000752669
0 0.823329 0.0806908 0.0593526 0.0366277
0 0.838554 0.0930955 0.061185 0.00716516
0 0.398716 0.233859 0.362754 0.0046715
0 0.854973 0.0899923 0.0531291 0.00190549
0 0.957824 0.00987199 0.0318972 0.000407319
0 0.94304 0.0549133 0.000705455 0.00134127
0 0.843365 0.0944781 0.058484 0.00367297
0 0.8221 0.0826013 0.0925177 0.00278131
0 0.84199 0.0871363 0.0694869 0.00138705
0 0.877533 0.0824422 0.0115741 0.0284502
0 0.951289 0.0412831 0.00322276 0.00420558
0 0.866156 0.100229 0.0124763 0.021139
0 0.900713 0.0962282 0.000913538 0.00214485
0 0.975825 0.013552 0.0062549 0.00436783
0 0.876967 0.0898229 0.0271099 0.00610035
0 0.750819 0.181192 0.0656572 0.00233107
0 0.900362 0.0962345 0.00147436 0.00192877
0 0.830379 0.116497 0.0421294 0.0109943
13 0.327475 0.133496 0.34785 0.191179
0 0.768736 0.121116 0.106592 0.00355622
0 0.859459 0.0965266 0.0399901 0.0040244
7 0.217251 0.491793 0.24005 0.0509063
0 0.864754 0.0936616 0.0277189 0.0138655
13 0.330546 0.118575 0.421512 0.129366
0 0.611863 0.098984 0.286278 0.00287502
0 0.761709 0.195332 0.036727 0.00623266
0 0.840569 0.0870705 0.0691947 0.00316599
13 0.215797 0.244384 0.388765 0.151054
0 0.75193 0.183141 0.0439425 0.0209858
0 0.47334 0.344349 0.105112 0.0771985
0 0.891214 0.03372 0.0727934 0.00227269
0 0.899901 0.0961722 0.00154661 0.00238025
0 0.719473 0.166257 0.112931 0.00133872
7 0.318448 0.671446 0.0088517 0.0012536
0 0.817792 0.092967 0.0549592 0.0342821
0 0.690416 0.279833 0.0279722 0.00177798
0 0.964825 0.0310483 0.00298622 0.00114034
0 0.87954 0.0918554 0.0160791 0.0125259
13 0.222683 0.0787712 0.634087 0.0644584
0 0.900172 0.0761989 0.0177866 0.00584211
13 0.0214319 0.219388 0.674285 0.0848947
0 0.896925 0.0959329 0.00406322 0.00307922
0 0.926299 0.0524013 0.0209411 0.000358745
0 0.848128 0.095438 0.0541886 0.00224555
0 0.723557 0.0403321 0.235157 0.000953213
0 0.740426 0.188682 0.0502564 0.0206358
0 0.859437 0.0802827 0.0563657 0.00391448
0 0.896988 0.095981 0.00222089 0.00480978
0 0.878593 0.0950705 0.0227382 0.00359785
0 0.963439 0.0348382 0.00125036 0.000472898
0 0.924767 0.0735829 0.000669617 0.000980341
0 0.622679 0.317478 0.0479064 0.0119367
0 0.980346 0.0100113 0.00732195 0.00232104
0 0.746948 0.234959 0.0168455 0.00124829
0 0.882399 0.093354 0.00897495 0.0152723
0 0.992006 0.00616701 0.00122258 0.000604388
0 0.355665 0.278817 0.331082 0.034436
0 0.695656 0.237875 0.0459705 0.0204987
0 0.88589 0.0911504 0.0168226 0.00613736
0 0.843307 0.0941637 0.0596238 0.00290547
0 0.895873 0.0957991 0.00528738 0.00304032
0 0.860741 0.0945904 0.0265384 0.0181297
13 0.237317 0.0760006 0.675787 0.0108953
0 0.991536 0.00732154 0.00100777 0.000134552
0 0.792705 0.126317 0.0418299 0.0391482
0 0.728759 0.258418 0.00318876 0.00963464
0 0.973908 0.0243848 0.000768645 0.000938929
0 0.896727 0.095956 0.00453587 0.00278157
0 0.522579 0.154127 0.160359 0.162935
0 0.603024 0.0993674 0.242431 0.0551782
0 0.944967 0.0427616 0.0114928 0.000778321
13 0.262169 0.250967 0.484862 0.00200186
0 0.937768 0.050383 0.0117071 0.000141595
0 0.898711 0.0960236 0.00435323 0.000912243
0 0.74152 0.165024 0.0815936 0.0118628
0 0.868772 0.082453 0.0464075 0.00236708
7 0.196057 0.433336 0.355292 0.0153147
0 0.864845 0.100972 0.0225271 0.0116563
0 0.858611 0.0952769 0.0301154 0.0159965
0 0.882522 0.0938094 0.0139716 0.00969678
0 0.88894 0.0952638 0.00643742 0.0093592
0 0.593785 0.371209 0.030034 0.00497166
13 0.161779 0.0647941 0.763716 0.0097111
0 0.993328 0.00592499 0.00010906 0.000638223
0 0.894628 0.0958338 0.00667599 0.00286197
13 0.145464 0.133846 0.659728 0.060962
0 0.569112 0.424517 0.00539972 0.000971638
7 0.224335 0.718307 0.0431601 0.0141981
0 0.964938 0.0327157 0.00127541 0.00107063
0 0.742748 0.112312 0.133803 0.0111378
0 0.393721 0.307056 0.290741 0.0084826
13 0.0329832 0.149878 0.592154 0.224985
0 0.515525 0.242379 0.225486 0.0166095
0 0.898132 0.0959229 0.00403129 0.00191406
0 0.775913 0.0667432 0.140444 0.0169003
0 0.474708 0.26814 0.250769 0.00638261
0 0.899248 0.0961205 0.00132278 0.00330911
0 0.788032 0.199324 0.00854359 0.00410047
0 0.488882 0.111601 0.357863 0.0416545
0 0.907364 0.0757172 0.00963357 0.00728492
0 0.855902 0.0917658 0.0199162 0.0324164
0 0.907286 0.0900904 0.00185984 0.000763309
0 0.551378 0.0665427 0.368887 0.0131916
0 0.955589 0.028912 0.00381459 0.0116848
0 0.754284 0.0789687 0.147345 0.0194022
0 0.806976 0.0836714 0.104349 0.00500366
0 0.900563 0.0399357 0.0549101 0.00459159
0 0.983671 0.0151077 0.00103347 0.000188289
7 0.20731 0.434155 0.23076 0.127776
0 0.862976 0.0567169 0.0762337 0.00407312
0 0.7345 0.167577 0.090574 0.00734935
0 0.79404 0.0778144 0.0355564 0.0925894
0 0.971343 0.00993408 0.0179855 0.000737587
0 0.806824 0.098177 0.0777491 0.0172501
0 0.496505 0.0958768 0.394611 0.0130076
0 0.848586 0.0961707 0.0532118 0.00203167
0 0.819502 0.0850354 0.0709327 0.0245301
0 0.82045 0.146905 0.0243434 0.00830153
0 0.785391 0.186513 0.0250969 0.0029996
0 0.653512 0.0759435 0.250562 0.0199819
0 0.895915 0.0957329 0.00613739 0.00221473
0 0.855861 0.0931704 0.032301 0.0186672
0 0.855362 0.094727 0.0374607 0.0124498
0 0.680967 0.0798287 0.230559 0.00864535
13 0.211935 0.254907 0.502198 0.0309591
13 0.24063 0.168214 0.588658 0.00249851
0 0.898894 0.0958954 0.00449274 0.000717423
0 0.894977 0.0957371 0.00249403 0.00679165
0 0.952514 0.012324 0.034826 0.000336194
18 0.152873 0.170989 0.270921 0.405217
0 0.883005 0.0249198 0.0718147 0.02026
0 0.949869 0.0374445 0.00822923 0.00445773
0 0.79746 0.126388 0.0559449 0.0202065
13 0.311342 0.0530053 0.534906 0.100747
0 0.982664 0.0171898 6.16536e-05 8.44913e-05
0 0.845948 0.135156 0.0150625 0.00383378
0 0.900716 0.0956023 0.00286279 0.000818554
0 0.871118 0.105599 0.0217221 0.00156014
0 0.876356 0.0720595 0.0510797 0.000504492
0 0.930033 0.0653125 0.00380354 0.00085078
0 0.931963 0.0258121 0.0413206 0.000903843
0 0.796391 0.0918905 0.0945673 0.0171511
0 0.792526 0.16202 0.0425049 0.0029492
13 0.151181 0.349942 0.491813 0.00706387
0 0.722376 0.217529 0.0428397 0.0172557
18 0.00892061 0.00967722 0.160163 0.821239
0 0.817939 0.0691741 0.0639747 0.0489122
13 0.122524 0.102024 0.725215 0.0502372
0 0.447298 0.296834 0.234605 0.0212627
0 0.963336 0.0352785 0.00132976 5.61209e-05
0 0.814488 0.116101 0.0651443 0.00426659
0 0.625198 0.324979 0.0395955 0.0102274
0 0.918116 0.0340135 0.0335614 0.0143091
0 0.908449 0.0883901 0.00136489 0.00179593
0 0.83777 0.0905673 0.0652928 0.00637
7 0.358599 0.38859 0.152236 0.100574
7 0.189666 0.494416 0.303255 0.0126633
0 0.974759 0.0226318 0.00138806 0.00122066
0 0.879159 0.0951277 0.0160606 0.0096526
0 0.911121 0.0870201 0.000586808 0.00127258
0 0.700288 0.244679 0.0505296 0.00450324
0 0.86213 0.082223 0.0441198 0.0115273
0 0.775857 0.0905738 0.111162 0.0224067
0 0.819354 0.0928276 0.0590444 0.0287744
0 0.853703 0.0968648 0.0463944 0.00303823
13 0.069478 0.323254 0.550114 0.0571535
0 0.946075 0.0494363 0.00295038 0.00153845
13 0.0768131 0.145593 0.699704 0.0778907
0 0.901513 0.0964247 0.00182859 0.000234154
0 0.966443 0.0272089 0.00489333 0.0014544
0 0.787503 0.153381 0.0489133 0.0102031
0 0.957435 0.0389112 0.00165834 0.00199532
0 0.851767 0.0616817 0.0847933 0.00175853
0 0.702989 0.102067 0.182476 0.0124676
0 0.886887 0.0953992 0.00603951 0.0116747
0 0.882838 0.0946137 0.0169081 0.00563987
0 0.951394 0.0412422 0.00448557 0.00287862
0 0.9114 0.0828529 0.00416882 0.00157872
7 0.0373714 0.508125 0.449675 0.00482789
13 0.112937 0.218964 0.494014 0.174085
0 0.842009 0.0910198 0.0653211 0.0016502
0 0.902031 0.0950389 0.00240703 0.000523529
0 0.789176 0.0776277 0.13254 0.000656443
0 0.562381 0.36666 0.0390616 0.0318981
0 0.882536 0.0944809 0.0148565 0.00812615
0 0.469752 0.347005 0.169097 0.0141457
0 0.878662 0.0922765 0.0281823 0.000878703
0 0.684722 0.134034 0.163591 0.0176533
0 0.986458 0.0129723 0.000185838 0.000383348
0 0.895937 0.0959892 0.00735728 0.000716703
0 0.623771 0.0957401 0.241038 0.0394507
0 0.983685 0.0131685 0.000329719 0.00281689
7 0.465397 0.467663 0.0553482 0.0115919
0 0.93948 0.0516421 0.00364932 0.00522814
13 0.341308 0.140543 0.503075 0.0150736
0 0.703066 0.228296 0.0250057 0.0436326
0 0.598132 0.114109 0.277081 0.0106782
0 0.9816 0.00906388 0.00765788 0.0016785
0 0.677091 0.11086 0.156092 0.0559573
0 0.911987 0.083021 0.00105296 0.00393883
0 0.905783 0.0745007 0.00577409 0.0139419
0 0.756372 0.0949808 0.14756 0.00108759
0 0.98533 0.0123023 0.000665536 0.00170202
0 0.794974 0.0898095 0.0969667 0.0182498
0 0.818994 0.0838236 0.0833609 0.0138218
0 0.981969 0.0164382 0.00023585 0.00135696
0 0.844466 0.0948594 0.0414453 0.0192289
0 0.998332 0.00152679 7.0372e-05 7.03937e-05
0 0.793609 0.0318663 0.164903 0.00962253
0 0.509745 0.158079 0.295365 0.0368109
0 0.838668 0.157344 0.0013663 0.00262171
18 0.00432678 0.153298 0.128827 0.713548
7 0.00563346 0.682221 0.227667 0.0844782
7 0.280488 0.630302 0.0865047 0.00270555
7 0.00702728 0.517045 0.409324 0.0666039
13 0.225 0.268811 0.481972 0.0242171
7 0.177225 0.600777 0.204684 0.0173137
7 0.109119 0.788929 0.0579826 0.0439696
7 0.155576 0.715991 0.0884731 0.0399598
7 0.0852274 0.713604 0.122581 0.0785874
7 0.103782 0.863489 0.0129498 0.0197793
7 0.0940585 0.684466 0.192782 0.0286937
7 0.0378656 0.843785 0.107581 0.0107684
18 0.0243795 0.220469 0.0327632 0.722389
7 0.404353 0.546078 0.0423405 0.00722887
7 0.127799 0.607913 0.258643 0.00564588
13 0.09743 0.426673 0.449926 0.025971
7 0.0529127 0.512729 0.418412 0.0159466
13 0.0796066 0.449602 0.466949 0.00384154
7 0.0632656 0.785658 0.134831 0.016246
7 0.0249684 0.952397 0.0157774 0.00685673
7 0.0474407 0.859787 0.0853996 0.00737259
7 0.12914 0.808068 0.0608352 0.00195638
7 0.052597 0.692746 0.148036 0.106621
7 0.136286 0.786374 0.0654619 0.011878
7 0.157548 0.813246 0.00969288 0.0195131
13 0.0384335 0.181097 0.57824 0.202229
13 0.0956652 0.335518 0.452449 0.116367
13 0.0220858 0.2087 0.725428 0.0437869
7 0.031073 0.629884 0.16342 0.175623
13 0.00531569 0.336641 0.599781 0.0582627
7 0.0715517 0.758445 0.117191 0.0528124
7 0.08087 0.741347 0.146541 0.0312424
7 0.0363857 0.687827 0.2011 0.0746871
18 0.0127539 0.150473 0.325115 0.511659
7 0.0913913 0.724042 0.139429 0.045138
13 0.0190264 0.212572 0.766229 0.00217252
18 0.0169826 0.101753 0.160613 0.720652
7 0.00508139 0.825519 0.154019 0.0153809
7 0.103925 0.814127 0.0517118 0.0302365
7 0.10982 0.749118 0.134764 0.00629692
7 0.112053 0.75719 0.0957859 0.0349704
7 0.0350906 0.756558 0.0763808 0.131971
7 0.0885207 0.711975 0.164721 0.0347831
7 0.280724 0.575068 0.141281 0.00292737
13 0.0381806 0.453734 0.473111 0.0349751
7 0.0907621 0.769336 0.135128 0.00477427
7 0.0507224 0.744016 0.163652 0.0416095
13 0.00550279 0.408671 0.5599 0.0259257
7 0.0337675 0.78498 0.149096 0.032156
0 0.684205 0.297963 0.0142054 0.00362735
7 0.079906 0.716104 0.140297 0.0636927
18 0.0011172 0.171008 0.285696 0.542178
0 0.594136 0.364795 0.0312483 0.0098207
7 0.0914665 0.654782 0.244999 0.00875303
7 0.0724186 0.906206 0.0142293 0.00714574
7 0.0383905 0.643073 0.231555 0.0869816
18 0.00615242 0.140614 0.0831899 0.770044
7 0.0359564 0.725092 0.190041 0.0489112
0 0.675102 0.282249 0.0392721 0.00337756
7 0.0996362 0.544712 0.335584 0.0200679
7 0.0145423 0.539132 0.310168 0.136158
7 0.0549776 0.827368 0.101471 0.016183
7 0.0486197 0.797942 0.110031 0.0434077
7 0.119555 0.827334 0.0516726 0.00143868
7 0.0190914 0.675706 0.278873 0.0263288
7 0.00314975 0.928293 0.0629398 0.0056171
7 0.0429913 0.736503 0.207843 0.012663
7 0.07468 0.763428 0.141239 0.0206528
7 0.0392869 0.527647 0.361442 0.0716243
7 0.0187804 0.817527 0.1502 0.0134925
7 0.00538379 0.779266 0.150433 0.0649177
7 0.0298515 0.797488 0.151204 0.0214567
7 0.0154433 0.805629 0.152485 0.0264435
7 0.0452557 0.818242 0.129166 0.00733619
7 0.104906 0.860947 0.0293812 0.00476581
7 0.0418274 0.652342 0.125115 0.180716
7 0.441988 0.508107 0.038049 0.0118563
0 0.796618 0.152788 0.0449011 0.00569312
7 0.0139379 0.738835 0.211529 0.0356982
7 0.0233299 0.785851 0.144112 0.0467078
7 0.0695369 0.75959 0.150305 0.020568
7 0.0120017 0.901133 0.083747 0.00311845
7 0.018852 0.884101 0.0168575 0.0801899
7 0.0480568 0.743767 0.105449 0.102728
7 0.0221931 0.759782 0.122471 0.0955531
13 0.0126214 0.274628 0.504158 0.208593
7 0.104362 0.877468 0.0120053 0.00616477
7 0.0241683 0.822389 0.144485 0.00895725
13 0.018417 0.244164 0.678756 0.058663
7 0.0563066 0.612479 0.193374 0.137841
0 0.733862 0.197938 0.0671054 0.00109483
13 0.326054 0.238971 0.415666 0.0193093
7 0.275439 0.710757 0.00520506 0.00859909
7 0.0201759 0.512837 0.267752 0.199235
7 0.0297982 0.560934 0.309953 0.0993155
7 0.098112 0.761621 0.0838466 0.0564208
7 0.0502648 0.573989 0.365229 0.0105169
7 0.0799342 0.765036 0.141927 0.0131029
7 0.0294617 0.759968 0.193483 0.0170882
13 0.133571 0.392804 0.438502 0.0351236
7 0.0387076 0.548303 0.368248 0.0447416
7 0.0174766 0.767399 0.13649 0.0786343
13 0.141147 0.329805 0.520398 0.00864951
7 0.101688 0.76189 0.129273 0.00714881
7 0.0304288 0.634202 0.27712 0.0582489
7 0.105292 0.85702 0.0340131 0.0036743
7 0.0682953 0.883439 0.0385163 0.00974937
7 0.188494 0.735641 0.032704 0.0431604
13 0.0940952 0.339543 0.555556 0.0108059
7 0.0604273 0.601967 0.322728 0.0148773
7 0.111478 0.78936 0.0957374 0.00342461
7 0.0450032 0.88523 0.0373782 0.0323886
7 0.00863288 0.712121 0.142248 0.136998
7 0.0328639 0.850135 0.0692 0.0478013
13 0.0285713 0.387856 0.521117 0.0624558
7 0.0204412 0.818369 0.152347 0.00884299
7 0.0357244 0.908036 0.0516633 0.00457656
7 0.0192694 0.719773 0.194924 0.0660335
7 0.366913 0.627323 0.00192248 0.00384147
7 0.0942683 0.73019 0.094 0.0815415
7 0.166435 0.746053 0.072543 0.0149694
7 0.0226217 0.78381 0.149234 0.0443344
7 0.0626748 0.849864 0.0645713 0.0228901
0 0.788504 0.18849 0.0181117 0.00489427
7 0.0613475 0.769524 0.147089 0.0220395
7 0.0304507 0.852025 0.081667 0.0358578
18 0.0577274 0.39184 0.0673071 0.483126
7 0.0360286 0.357916 0.315473 0.290582
7 0.0699594 0.580263 0.323425 0.0263523
7 0.0709492 0.756678 0.142856 0.0295167
7 0.439246 0.535818 0.0232209 0.0017144
7 0.0528826 0.62703 0.132093 0.187995
13 0.0159952 0.0930643 0.604739 0.286201
7 0.103613 0.881256 0.00806904 0.00706126
7 0.00296765 0.807099 0.169254 0.0206793
13 0.0195254 0.314644 0.415731 0.2501
7 0.0322666 0.691608 0.22005 0.0560749
0 0.526539 0.278023 0.174548 0.0208897
18 0.00520243 0.432474 0.0487513 0.513572
7 0.0179969 0.868783 0.0699148 0.0433058
7 0.0146899 0.626621 0.161331 0.197359
7 0.0908023 0.773962 0.106498 0.0287375
7 0.0386366 0.652782 0.249421 0.0591602
7 0.0753332 0.598461 0.283576 0.04263
13 0.258855 0.356171 0.383131 0.00184229
7 0.01827 0.62102 0.340507 0.0202032
7 0.0215198 0.791359 0.116947 0.0701745
7 0.0661943 0.87265 0.0143062 0.0468498
7 0.0339994 0.61127 0.0906526 0.264078
13 0.015161 0.317967 0.539291 0.127581
7 0.0454695 0.788503 0.163586 0.00244147
7 0.104218 0.71913 0.172325 0.00432701
7 0.0508309 0.688183 0.25667 0.00431567
7 0.0141846 0.946107 0.0361691 0.00353891
7 0.102917 0.86127 0.0204389 0.015374
7 0.114501 0.748491 0.123021 0.0139871
0 0.523613 0.454546 0.0186352 0.0032051
7 0.0110791 0.512348 0.160684 0.315889
7 0.0425875 0.68371 0.20957 0.0641327
7 0.025793 0.74193 0.209832 0.0224455
7 0.0650179 0.823387 0.100447 0.0111478
7 0.280158 0.599937 0.0882816 0.0316229
7 0.0264603 0.924274 0.0252832 0.0239825
13 0.026981 0.320242 0.647576 0.00520149
7 0.104315 0.859233 0.0175694 0.0188833
7 0.0733157 0.899701 0.0136747 0.0133084
7 0.0141724 0.866039 0.0600654 0.0597234
7 0.06315 0.739986 0.181223 0.0156407
13 0.0314 0.241915 0.711579 0.0151058
7 0.0900475 0.881289 0.0170043 0.0116588
7 0.0911313 0.747132 0.140355 0.0213814
7 0.0757333 0.733167 0.144156 0.0469429
13 0.044514 0.409155 0.512786 0.0335442
7 0.113012 0.859589 0.0190891 0.00830984
13 0.0689705 0.405877 0.520821 0.00433177
7 0.0154463 0.588831 0.236254 0.159469
13 0.0136792 0.395154 0.420976 0.170191
7 0.289857 0.394514 0.292682 0.0229477
13 0.0690413 0.415645 0.500457 0.0148569
7 0.00396548 0.943226 0.0459339 0.0068751
0 0.519797 0.399176 0.0651064 0.0159207
7 0.122268 0.605041 0.251625 0.0210669
7 0.155246 0.579281 0.22466 0.040813
7 0.0234473 0.708795 0.199608 0.06815
7 0.0264739 0.821128 0.123111 0.0292879
7 0.131727 0.542665 0.316183 0.00942434
18 0.0226072 0.252127 0.153887 0.571379
7 0.0326026 0.709691 0.206568 0.0511386
7 0.103208 0.872404 0.0156535 0.00873452
7 0.0462266 0.911523 0.0236822 0.0185684
13 0.0267277 0.176768 0.745848 0.0506563
7 0.0573338 0.731995 0.202264 0.00840813
7 0.102785 0.859588 0.0308185 0.00680842
7 0.40969 0.529547 0.0585048 0.00225788
7 0.141015 0.490997 0.290856 0.0771324
7 0.0460506 0.767007 0.125624 0.0613179
7 0.102238 0.852947 0.0320985 0.0127167
7 0.0402632 0.470316 0.45504 0.0343808
7 0.0135412 0.836084 0.13942 0.0109552
7 0.0558979 0.567977 0.360983 0.0151419
7 0.0418367 0.519104 0.289179 0.14988
13 0.330318 0.217259 0.434578 0.017844
7 0.332392 0.579845 0.0617148 0.026048
13 0.0299145 0.240308 0.72442 0.00535783
7 0.00383206 0.540381 0.211077 0.244711
7 0.293911 0.492925 0.206859 0.00630492
7 0.108955 0.815787 0.0692505 0.00600809
7 0.0392349 0.904017 0.0315349 0.0252133
7 0.10412 0.868527 0.0246768 0.00267606
7 0.0779808 0.898147 0.020916 0.00295607
7 0.0332213 0.405249 0.254129 0.307401
13 0.00516573 0.212868 0.506904 0.275062
7 0.105931 0.8445 0.0395751 0.00999374
7 0.0777718 0.736306 0.115555 0.0703675
7 0.103727 0.867159 0.0243537 0.00475992
7 0.0345896 0.725858 0.170652 0.0689005
7 0.0150397 0.802143 0.151999 0.0308183
7 0.0178366 0.800955 0.149983 0.0312258
7 0.10452 0.810629 0.0781107 0.00674045
7 0.0114031 0.832166 0.15493 0.00150167
7 0.0211028 0.441063 0.13397 0.403863
7 0.0516485 0.770088 0.141213 0.0370506
7 0.00485206 0.529693 0.407834 0.0576218
0 0.636505 0.210642 0.0522433 0.100609
7 0.0151581 0.523953 0.457573 0.00331495
7 0.0694905 0.718906 0.208103 0.00350059
7 0.103601 0.740841 0.126583 0.0289749
7 0.00647431 0.777054 0.213495 0.00297693
7 0.0806485 0.732314 0.141974 0.0450639
7 0.349651 0.621653 0.0254945 0.00320173
7 0.124542 0.835178 0.037483 0.0027974
7 0.0711479 0.746519 0.0789932 0.10334
7 0.0440116 0.667724 0.240852 0.0474125
7 0.176836 0.720553 0.083832 0.018779
7 0.0681922 0.725622 0.0433696 0.162817
7 0.0210753 0.903452 0.0595903 0.0158826
7 0.0690179 0.75642 0.127725 0.0468367
7 0.0585675 0.790221 0.144876 0.00633518
7 0.105341 0.822831 0.0293084 0.0425199
7 0.101155 0.510209 0.387314 0.0013218
7 0.0189392 0.822613 0.153353 0.00509481
13 0.0094212 0.405874 0.417971 0.166734
7 0.0892492 0.802543 0.0375867 0.0706207
7 0.0505624 0.693963 0.222431 0.0330438
7 0.100036 0.804122 0.0553364 0.0405052
7 0.032309 0.807329 0.152263 0.00809906
7 0.00601971 0.531216 0.0628539 0.399911
7 0.0604929 0.775196 0.111388 0.0529237
13 0.016677 0.11707 0.678872 0.187381
7 0.0486056 0.821636 0.0349165 0.0948418
13 0.035882 0.384277 0.559688 0.0201532
7 0.0840137 0.685779 0.225662 0.00454592
7 0.0120172 0.572519 0.107321 0.308142
7 0.022739 0.853147 0.119012 0.00510225
7 0.0260754 0.798657 0.0822087 0.0930585
7 0.019852 0.492123 0.408818 0.0792074
7 0.00993184 0.776343 0.149859 0.0638665
7 0.0681147 0.715399 0.114702 0.101784
7 0.034279 0.852533 0.110296 0.00289177
7 0.0777595 0.853728 0.0282726 0.0402403
7 0.0538621 0.864818 0.0271441 0.0541756
7 0.102395 0.74972 0.127 0.0208846
7 0.0106463 0.549504 0.418162 0.0216872
7 0.0641803 0.772483 0.152432 0.0109048
0 0.549882 0.384724 0.0550119 0.0103813
7 0.0618447 0.721413 0.164613 0.0521295
7 0.0173655 0.846661 0.135665 0.000307994
13 0.272998 0.318883 0.388454 0.0196654
0 0.354234 0.296445 0.325466 0.023854
7 0.0372595 0.798346 0.151826 0.0125686
7 0.0973881 0.541833 0.339073 0.0217056
7 0.224433 0.684595 0.0811574 0.00981522
13 0.085629 0.289532 0.533121 0.0917186
7 0.0339498 0.82686 0.0662925 0.072898
7 0.313883 0.423676 0.203346 0.0590953
13 0.0501688 0.260393 0.582125 0.107313
7 0.0187787 0.622665 0.286081 0.0724754
7 0.0809814 0.870931 0.0426038 0.00548411
7 0.0648505 0.676745 0.221378 0.0370268
7 0.0363793 0.636363 0.311936 0.0153209
7 0.0976266 0.756813 0.133463 0.0120971
7 0.103027 0.866162 0.0126669 0.0181438
7 0.104964 0.86106 0.0288647 0.00511195
7 0.0169073 0.501074 0.460562 0.0214568
7 0.082394 0.635728 0.265583 0.0162948
7 0.0788811 0.768667 0.120395 0.0320567
7 0.0596623 0.553787 0.352997 0.0335532
13 0.253746 0.322739 0.350658 0.0728571
7 0.284171 0.635038 0.0702233 0.0105678
13 0.0130057 0.322771 0.39763 0.266593
7 0.196665 0.773093 0.0294761 0.000765765
7 0.103766 0.865255 0.0148502 0.0161291
18 0.00166107 0.149488 0.0989113 0.74994
13 0.0111871 0.114514 0.508217 0.366082
7 0.0806704 0.750232 0.148181 0.0209167
7 0.118722 0.574048 0.179659 0.127571
7 0.0641905 0.778652 0.153393 0.0037638
7 0.0881599 0.767836 0.136551 0.00745299
7 0.0246269 0.711578 0.155259 0.108536
7 0.0244006 0.442452 0.437457 0.0956902
7 0.099761 0.855395 0.0420791 0.00276468
18 0.0040238 0.41018 0.113934 0.471862
7 0.320927 0.469857 0.201923 0.00729217
7 0.00610124 0.822707 0.153969 0.017223
7 0.139766 0.60344 0.228593 0.0282007
7 0.0525957 0.57464 0.236619 0.136146
7 0.028189 0.54421 0.386096 0.0415044
7 0.0107172 0.717111 0.26058 0.0115916
13 0.028807 0.288097 0.659035 0.0240607
7 0.103843 0.875353 0.0185429 0.00226058
7 0.0829685 0.751174 0.145285 0.0205726
7 0.119247 0.495278 0.366787 0.0186876
7 0.0194389 0.836479 0.0992182 0.0448635
7 0.0484121 0.645973 0.250944 0.0546702
7 0.043289 0.796992 0.143911 0.0158081
7 0.156744 0.585907 0.207774 0.0495746
0 0.813435 0.174459 0.0112154 0.000890736
7 0.112553 0.698303 0.142791 0.0463529
0 0.48555 0.455594 0.0549485 0.00390678
18 0.00160091 0.303547 0.201896 0.492956
0 0.60299 0.307755 0.0878617 0.0013937
7 0.00720444 0.895809 0.0863249 0.0106619
7 0.125058 0.625928 0.164664 0.0843503
13 0.0411795 0.197905 0.726533 0.0343828
7 0.0731173 0.677586 0.24026 0.00903758
7 0.185429 0.699441 0.112167 0.00296332
7 0.0144373 0.725514 0.177755 0.0822944
13 0.0279115 0.199026 0.760729 0.012333
13 0.0702666 0.167297 0.74572 0.0167169
13 0.030671 0.1012 0.437871 0.430258
13 0.00944501 0.0833272 0.782596 0.124632
13 0.0581981 0.0725243 0.649591 0.219687
13 0.147266 0.224578 0.613579 0.0145776
13 0.0347202 0.168336 0.788613 0.0083313
7 0.0221651 0.539641 0.194633 0.243561
13 0.00835433 0.0533708 0.638296 0.299979
13 0.0563038 0.146831 0.693479 0.103386
13 0.108106 0.210467 0.620392 0.0610354
13 0.247544 0.244041 0.494869 0.0135457
13 0.0424152 0.145216 0.801992 0.0103771
13 0.0668579 0.167739 0.752679 0.0127241
13 0.0667573 0.213137 0.697598 0.022508
13 0.0752484 0.138372 0.75699 0.0293889
13 0.0841295 0.100409 0.802631 0.0128302
13 0.0594908 0.304689 0.515551 0.120269
13 0.330009 0.211701 0.397304 0.0609859
13 0.0398427 0.164763 0.777113 0.0182812
13 0.024865 0.151111 0.797873 0.026152
13 0.0897291 0.15395 0.729741 0.0265791
13 0.00197608 0.0208607 0.560286 0.416877
13 0.0160108 0.277797 0.614501 0.0916911
13 0.331134 0.236871 0.406971 0.0250248
13 0.103521 0.203772 0.649906 0.0428016
13 0.113814 0.100673 0.773054 0.0124589
13 0.107112 0.0681391 0.763318 0.0614306
0 0.780943 0.115945 0.0999435 0.00316874
13 0.127643 0.133498 0.737653 0.00120533
13 0.0402885 0.129578 0.508348 0.321786
13 0.0756454 0.298495 0.594791 0.0310682
13 0.108668 0.123614 0.764288 0.00343035
13 0.00615618 0.169327 0.746581 0.0779364
13 0.00240127 0.0292122 0.571287 0.3971
13 0.0665375 0.167778 0.757572 0.00811219
13 0.0139144 0.111217 0.746676 0.128192
13 0.0302754 0.198327 0.52928 0.242117
13 0.111204 0.105092 0.717417 0.0662868
13 0.0176963 0.14639 0.827198 0.00871558
7 0.204869 0.62101 0.142386 0.0317348
13 0.0937677 0.287586 0.596927 0.0217194
18 0.0216572 0.118176 0.280375 0.579792
13 0.218207 0.145785 0.609626 0.0263814
13 0.0466667 0.159085 0.740391 0.0538576
13 0.039425 0.0622079 0.781508 0.116859
13 0.0513221 0.165072 0.747231 0.0363748
13 0.0793208 0.199311 0.707876 0.0134925
13 0.0148809 0.0972869 0.612231 0.275601
13 0.0986155 0.402166 0.465425 0.0337938
13 0.0792712 0.148826 0.60229 0.169613
13 0.0569724 0.0722445 0.748703 0.12208
13 0.0615876 0.0658203 0.68765 0.184942
13 0.0287058 0.122841 0.592984 0.255468
13 0.175773 0.163413 0.657816 0.00299753
13 0.0153286 0.0299184 0.926926 0.0278268
13 0.126371 0.0913645 0.689761 0.0925034
13 0.0242916 0.0426791 0.817359 0.11567
13 0.0539507 0.353015 0.519953 0.073081
13 0.0614864 0.160615 0.750576 0.0273226
13 0.0386758 0.329774 0.520529 0.111021
13 0.330555 0.16125 0.496911 0.0112843
13 0.0294045 0.406651 0.549326 0.0146186
13 0.0614389 0.217269 0.70839 0.0129013
18 0.0116456 0.0410206 0.135589 0.811744
13 0.0246748 0.278229 0.642187 0.0549088
13 0.0371663 0.0507487 0.883769 0.028316
13 0.0230595 0.125358 0.455152 0.396431
13 0.0867779 0.145904 0.688751 0.0785676
13 0.0455454 0.0800814 0.497784 0.376589
13 0.0984417 0.164552 0.734247 0.00275886
13 0.216727 0.372191 0.401175 0.0099068
13 0.109231 0.130004 0.751863 0.00890228
13 0.013282 0.0784848 0.653445 0.254788
13 0.0650265 0.144139 0.684139 0.106696
13 0.0428283 0.141522 0.741476 0.0741737
13 0.00726604 0.0560077 0.593813 0.342913
13 0.0583166 0.301419 0.573536 0.0667288
13 0.0939545 0.101092 0.742319 0.0626345
13 0.0230066 0.1684 0.769073 0.0395205
13 0.00560362 0.16324 0.759889 0.0712673
18 0.000576194 0.116299 0.204513 0.678612
13 0.032661 0.168939 0.772361 0.0260387
13 0.197595 0.133611 0.668054 0.000740811
13 0.0784338 0.0361631 0.884644 0.000758666
13 0.0384221 0.119608 0.81423 0.0277403
13 0.00810452 0.137601 0.641953 0.212341
13 0.0425858 0.237728 0.677545 0.0421408
13 0.0250237 0.0528348 0.802989 0.119152
13 0.0636663 0.116379 0.779326 0.0406281
13 0.0166215 0.166088 0.734001 0.0832895
0 0.402933 0.396728 0.19439 0.00595004
13 0.105673 0.135027 0.694773 0.064527
0 0.3807 0.226039 0.368714 0.0245473
7 0.0265954 0.49134 0.297796 0.18427
13 0.0221447 0.238411 0.615541 0.123903
13 0.0117637 0.164137 0.796142 0.0279568
13 0.0679516 0.16167 0.728191 0.0421869
13 0.0838099 0.198732 0.706299 0.011159
13 0.0356586 0.150672 0.756122 0.057548
13 0.148512 0.182523 0.636112 0.0328533
13 0.290382 0.267041 0.29728 0.145297
13 0.0560709 0.165045 0.715063 0.0638214
13 0.0251819 0.0638371 0.800474 0.110507
13 0.11781 0.0325173 0.844212 0.00546044
13 0.234513 0.230948 0.526849 0.00768937
13 0.0987069 0.171256 0.701201 0.0288363
13 0.141888 0.116291 0.727548 0.0142731
0 0.712873 0.100318 0.147526 0.039283
13 0.140222 0.0580061 0.796394 0.00537761
13 0.0849758 0.142013 0.700097 0.0729133
13 0.0378166 0.20559 0.750579 0.00601439
13 0.0127297 0.0838771 0.532414 0.370979
13 0.0631858 0.188793 0.743425 0.00459609
13 0.0142728 0.0663984 0.805148 0.114181
13 0.0260896 0.146847 0.797235 0.0298284
13 0.0166131 0.182335 0.446688 0.354364
13 0.0032996 0.156185 0.736632 0.103883
7 0.171685 0.486978 0.334445 0.00689217
13 0.256856 0.122698 0.599119 0.0213273
13 0.00981646 0.164986 0.618781 0.206416
13 0.0250428 0.107681 0.823373 0.0439032
13 0.0328488 0.0795894 0.724114 0.163448
13 0.427239 0.0709296 0.466337 0.0354938
13 0.0521405 0.209052 0.554489 0.184318
13 0.00799667 0.121869 0.706283 0.163852
13 0.0425523 0.339741 0.601762 0.0159443
13 0.0257015 0.213375 0.698901 0.0620223
18 0.00347414 0.060975 0.253843 0.681708
13 0.0762906 0.161362 0.744372 0.0179754
13 0.0431583 0.282209 0.647322 0.0273104
13 0.117644 0.151454 0.723173 0.00772852
13 0.00310311 0.183551 0.695849 0.117497
13 0.00399418 0.038416 0.776612 0.180977
7 0.00982471 0.501847 0.431434 0.0568948
13 0.0825484 0.17569 0.662371 0.0793907
18 0.00454845 0.0433079 0.32579 0.626353
13 0.0956416 0.0839778 0.774738 0.0456427
13 0.0894626 0.150471 0.736635 0.0234313
13 0.0436576 0.141483 0.682325 0.132534
13 0.113057 0.0947697 0.785358 0.00681528
13 0.322385 0.285258 0.38502 0.00733767
13 0.0563921 0.132121 0.711646 0.0998403
13 0.042006 0.398873 0.43311 0.126011
13 0.0917928 0.154291 0.744394 0.00952246
13 0.0370715 0.16707 0.780982 0.0148772
13 0.0210594 0.0245548 0.950464 0.00392197
13 0.279082 0.135836 0.583201 0.00188112
13 0.0209368 0.216546 0.725123 0.0373938
13 0.00493396 0.171251 0.811789 0.0120261
13 0.0332766 0.0910377 0.66977 0.205915
13 0.0592132 0.246342 0.594213 0.100232
13 0.0929681 0.106221 0.726794 0.0740164
7 0.194564 0.525895 0.267802 0.0117383
13 0.0762289 0.249408 0.640111 0.0342518
13 0.0561716 0.166011 0.741591 0.036226
13 0.0230951 0.108931 0.853981 0.0139936
13 0.0377317 0.152242 0.701842 0.108184
13 0.0217393 0.108815 0.66348 0.205966
13 0.449959 0.0548806 0.486512 0.00864915
7 0.0151941 0.776026 0.182058 0.0267222
13 0.0588904 0.0857409 0.730152 0.125217
13 0.235332 0.098677 0.636733 0.0292581
13 0.0177504 0.103035 0.862221 0.0169939
13 0.105111 0.289744 0.602653 0.00249239
13 0.0108694 0.150981 0.753848 0.0843022
13 0.150765 0.0894659 0.757188 0.00258112
13 0.0431417 0.153153 0.739327 0.0643787
13 0.0677654 0.170875 0.746435 0.0149253
13 0.0972901 0.219472 0.620477 0.0627609
13 0.00919542 0.0461013 0.689432 0.255271
13 0.0626678 0.165936 0.703382 0.0680142
13 0.0341739 0.0758056 0.733816 0.156204
13 0.0332998 0.071368 0.8489 0.0464326
13 0.0182534 0.364249 0.560956 0.0565415
13 0.0094356 0.10908 0.533936 0.347548
0 0.929849 0.0216577 0.0446018 0.00389125
13 0.0158841 0.0762497 0.50853 0.399336
13 0.0442311 0.0540362 0.684712 0.21702
13 0.0983326 0.153781 0.707424 0.0404626
13 0.0867978 0.208466 0.682492 0.022244
13 0.00513736 0.193914 0.777161 0.0237875
13 0.026313 0.101401 0.792722 0.0795638
13 0.0604265 0.167915 0.699671 0.0719885
13 0.00878577 0.122399 0.776258 0.0925573
13 0.0219533 0.23239 0.569507 0.176149
13 0.0706508 0.157146 0.735791 0.0364113
13 0.0038132 0.12134 0.7224 0.152447
7 0.0485369 0.476057 0.462299 0.0131065
13 0.0125524 0.257857 0.531567 0.198024
7 0.0407684 0.554975 0.391788 0.0124686
7 0.132738 0.448211 0.356078 0.0629727
13 0.0357016 0.0895343 0.63715 0.237614
13 0.10549 0.152572 0.729759 0.012178
13 0.0130384 0.159021 0.746661 0.08128
13 0.298017 0.0938363 0.577843 0.0303036
7 0.367882 0.407812 0.194452 0.0298536
13 0.0135607 0.180578 0.786034 0.0198273
7 0.342752 0.355016 0.203522 0.0987104
13 0.110084 0.128222 0.75433 0.00736395
18 0.00778505 0.0698084 0.211594 0.710813
13 0.0135515 0.0943995 0.55303 0.339019
7 0.0374369 0.502725 0.408963 0.0508742
7 0.14677 0.529251 0.29595 0.0280293
7 0.0394719 0.49009 0.455791 0.0146467
13 0.0184043 0.166974 0.780732 0.0338891
13 0.00623787 0.0792583 0.730655 0.183848
13 0.207716 0.364092 0.406882 0.0213098
13 0.0833816 0.117619 0.689251 0.109749
13 0.0839728 0.0547465 0.837822 0.0234585
13 0.0115909 0.0717115 0.797403 0.119295
13 0.0307838 0.0774313 0.83948 0.0523044
13 0.0238731 0.228873 0.670143 0.0771109
13 0.101561 0.137259 0.71775 0.0434311
13 0.0533732 0.323614 0.544078 0.078935
13 0.00613274 0.0897737 0.575274 0.328819
13 0.0150666 0.12151 0.845636 0.0177866
13 0.0034412 0.397718 0.591296 0.00754437
13 0.0255268 0.16718 0.729832 0.0774615
13 0.00992878 0.0691266 0.734679 0.186266
13 0.0411209 0.303611 0.649268 0.00600027
13 0.0394756 0.16619 0.785284 0.00905007
13 0.0428102 0.138599 0.803032 0.015558
13 0.0094212 0.159275 0.801614 0.0296904
13 0.0157264 0.103598 0.823571 0.057105
13 0.120529 0.346509 0.52801 0.0049522
13 0.00251216 0.0530985 0.903918 0.0404717
13 0.101705 0.141464 0.740012 0.0168199
0 0.462258 0.219138 0.290025 0.0285787
13 0.00697663 0.217704 0.679339 0.0959803
13 0.0132595 0.170746 0.77846 0.0375351
13 0.082244 0.174294 0.739005 0.00445669
13 0.0769751 0.11811 0.784645 0.0202697
13 0.0178456 0.057022 0.810361 0.114772
18 0.000529287 0.0244338 0.300252 0.674785
13 0.0354209 0.155897 0.794393 0.0142897
13 0.0136123 0.103138 0.881492 0.00175804
18 0.022496 0.114511 0.303776 0.559217
13 0.00391234 0.110483 0.876244 0.00936055
7 0.0198195 0.547392 0.382499 0.050289
7 0.0291045 0.587789 0.16072 0.222386
13 0.0569937 0.166808 0.771347 0.00485161
13 0.0187578 0.209335 0.665196 0.106711
13 0.0147737 0.0375022 0.762643 0.185081
13 0.0198037 0.102081 0.769163 0.108953
13 0.0399462 0.0639129 0.566113 0.330028
13 0.0421761 0.121515 0.712514 0.123795
13 0.100638 0.0845502 0.758284 0.0565281
18 0.00356043 0.0589556 0.127343 0.810141
13 0.25834 0.259226 0.414313 0.0681198
13 0.0109573 0.0863935 0.461478 0.441171
13 0.0182075 0.121104 0.699335 0.161354
13 0.0429909 0.410815 0.472739 0.0734545
13 0.0101238 0.200401 0.650539 0.138936
13 0.0840228 0.160092 0.743418 0.0124664
18 0.0141684 0.0588269 0.33148 0.595525
7 0.024203 0.539134 0.363364 0.0733
13 0.00447671 0.0460652 0.834314 0.115144
7 0.0397674 0.55104 0.368732 0.0404611
0 0.434309 0.2001 0.333785 0.0318058
13 0.09766 0.146837 0.748785 0.00671809
13 0.0617298 0.080847 0.76429 0.0931333
13 0.0101822 0.133334 0.620982 0.235502
13 0.213516 0.114548 0.609015 0.0629207
13 0.212193 0.169903 0.598855 0.0190483
13 0.16572 0.261293 0.541384 0.0316027
13 0.0793909 0.392847 0.484604 0.0431581
13 0.021707 0.106426 0.565958 0.30591
13 0.0658806 0.1564 0.74158 0.0361396
18 0.00390956 0.0891078 0.368407 0.538576
13 0.034424 0.2325 0.725534 0.00754158
13 0.00262718 0.0457234 0.754429 0.19722
0 0.7359 0.123783 0.137682 0.00263406
13 0.0326831 0.167005 0.759575 0.0407367
13 0.342347 0.108003 0.547314 0.0023355
13 0.194811 0.0741832 0.72486 0.00614552
18 0.00690718 0.325489 0.321941 0.345663
13 0.238797 0.186362 0.571131 0.0037099
7 0.0717526 0.501217 0.171589 0.255442
18 0.00229771 0.091547 0.226487 0.679668
13 0.0983643 0.181964 0.668058 0.051614
13 0.0792293 0.158099 0.756864 0.00580739
13 0.0230806 0.0502492 0.558748 0.367923
7 0.0984948 0.485919 0.312577 0.10301
13 0.0874211 0.133172 0.687684 0.0917233
13 0.0111406 0.0649418 0.859265 0.0646527
13 0.044039 0.0963211 0.737243 0.122396
7 0.0342227 0.576358 0.376637 0.0127821
13 0.0422181 0.23897 0.650393 0.0684194
18 0.00864963 0.0752269 0.375491 0.540633
13 0.0315953 0.153848 0.783997 0.0305602
13 0.122086 0.136832 0.73823 0.00285201
13 0.0908932 0.154924 0.740706 0.0134767
13 0.0596906 0.212355 0.724391 0.00356359
13 0.113777 0.0994587 0.783527 0.00323667
13 0.0111349 0.21823 0.755315 0.0153195
13 0.0505472 0.126921 0.790953 0.0315782
13 0.105303 0.270124 0.57321 0.0513628
13 0.0421566 0.169059 0.777827 0.0109573
13 0.0111794 0.12276 0.565755 0.300305
13 0.0391793 0.159395 0.705498 0.095928
13 0.0158462 0.0540621 0.485228 0.444864
13 0.0701591 0.0828537 0.714271 0.132716
13 0.02494 0.276854 0.661719 0.0364873
13 0.013988 0.166432 0.792599 0.026981
18 0.00678417 0.0618249 0.353302 0.578089
7 0.0583952 0.456951 0.286915 0.197738
13 0.0276193 0.0773981 0.83551 0.0594724
13 0.00798919 0.0268319 0.882382 0.0827969
13 0.0224554 0.21113 0.686921 0.079494
13 0.208618 0.180341 0.601516 0.00952483
13 0.0203455 0.0317628 0.827 0.120892
18 0.0107343 0.055695 0.281909 0.651661
7 0.0326361 0.55065 0.398204 0.0185102
7 0.0148077 0.481396 0.236351 0.267446
13 0.0954529 0.10607 0.690961 0.107516
13 0.0112047 0.170539 0.79575 0.0225064
7 0.0395552 0.519076 0.380075 0.0612935
13 0.0365641 0.154636 0.713218 0.095582
13 0.0300202 0.110529 0.851789 0.00766124
13 0.0157115 0.0861342 0.791259 0.106896
13 0.0459984 0.0696941 0.520259 0.364049
7 0.0956454 0.443176 0.424609 0.0365693
13 0.056771 0.390231 0.54778 0.00521753
13 0.0324287 0.197296 0.720741 0.049534
13 0.0976023 0.127037 0.766835 0.00852565
13 0.00390548 0.0755519 0.794306 0.126237
13 0.1097 0.266611 0.584065 0.0396246
13 0.0226801 0.147177 0.817308 0.0128341
13 0.092726 0.108152 0.789484 0.00963797
13 0.0463641 0.158764 0.704628 0.0902441
13 0.30892 0.300706 0.371758 0.0186158
13 0.0550634 0.294529 0.64745 0.0029573
13 0.0150522 0.0325352 0.50322 0.449193
13 0.0600811 0.0272683 0.896834 0.015817
13 0.0358179 0.0808622 0.790663 0.0926566
13 0.0101525 0.169901 0.745952 0.0739941
13 0.00675606 0.0671796 0.556813 0.369251
13 0.0888515 0.410834 0.498846 0.00146894
13 0.0142668 0.172234 0.803709 0.00979068
0 0.519328 0.241113 0.235605 0.00395483
7 0.0332318 0.556639 0.20547 0.204659
18 0.018246 0.10999 0.0563697 0.815394
18 0.0209922 0.0731782 0.128915 0.776915
13 0.0207035 0.379102 0.4708 0.129394
18 0.004737 0.162301 0.0990422 0.73392
7 0.26177 0.635778 0.0417591 0.0606923
18 0.000587832 0.0387684 0.0693035 0.89134
18 0.00672128 0.297932 0.0740022 0.621344
18 0.000282727 0.0549257 0.0336137 0.911178
18 0.0033365 0.0602958 0.0797909 0.856577
18 0.0465243 0.101266 0.0611334 0.791076
13 0.0283144 0.119065 0.487976 0.364645
13 0.0193757 0.0846616 0.786087 0.109876
18 0.0200876 0.0797965 0.230946 0.66917
13 0.0262583 0.0554971 0.723358 0.194887
18 0.00611896 0.0798939 0.24355 0.670437
18 0.0235469 0.076936 0.19535 0.704167
18 0.00207894 0.121316 0.0972311 0.779374
13 0.00976585 0.24437 0.426399 0.319465
18 0.0162178 0.116921 0.136093 0.730767
18 0.00206902 0.0559035 0.129782 0.812245
18 0.0100669 0.0212582 0.104785 0.86389
18 0.00774997 0.0705196 0.137445 0.784286
13 0.0131758 0.0951581 0.621764 0.269902
18 0.0105691 0.110098 0.132349 0.746984
18 0.017071 0.129836 0.0860987 0.766994
18 0.0183522 0.10188 0.122757 0.757011
18 0.0192207 0.103715 0.265304 0.61176
18 0.0079641 0.0638746 0.12716 0.801002
18 0.000898514 0.0408188 0.0516178 0.906665
18 0.00415779 0.0633067 0.203366 0.729169
18 0.0220012 0.166772 0.11804 0.693187
13 0.0337585 0.0732489 0.664001 0.228991
18 0.06554 0.0902224 0.105733 0.738505
18 0.00375053 0.0461744 0.0573267 0.892748
18 0.0145346 0.0744689 0.431351 0.479645
18 0.00800598 0.0938291 0.234799 0.663365
7 0.119431 0.525971 0.125569 0.229028
18 0.00170601 0.131404 0.249093 0.617797
18 0.00974578 0.148889 0.180927 0.660439
18 0.00702664 0.0939792 0.130269 0.768725
18 0.00893313 0.10944 0.118723 0.762904
18 0.00915226 0.0854938 0.133211 0.772143
18 0.00309563 0.055033 0.065647 0.876224
18 0.00564874 0.0695109 0.181556 0.743284
18 0.00998777 0.142472 0.313158 0.534382
18 0.000498471 0.0467769 0.12298 0.829745
18 0.0407204 0.0451733 0.129127 0.784979
13 0.0274661 0.184415 0.671411 0.116709
18 0.00489167 0.0928176 0.248455 0.653835
18 0.00598144 0.129369 0.132171 0.732478
18 0.00191878 0.153293 0.383894 0.460894
18 0.00188742 0.0225674 0.0312362 0.944309
18 0.00578667 0.119293 0.135823 0.739098
18 0.011583 0.0743136 0.203158 0.710945
18 0.0199416 0.164315 0.0860259 0.729717
7 0.261411 0.359908 0.105269 0.273412
18 0.140835 0.196308 0.161118 0.501739
18 0.00899957 0.110751 0.0918404 0.788409
18 0.01335 0.0706277 0.276336 0.639686
18 0.00215207 0.0886079 0.0806064 0.828634
18 0.0769287 0.0980948 0.290949 0.534028
18 0.00997363 0.111845 0.0495694 0.828612
18 0.011765 0.382374 0.176499 0.429362
18 0.0320474 0.341252 0.252223 0.374477
18 0.00707996 0.131519 0.0817481 0.779653
18 0.00126542 0.0445943 0.00911799 0.945022
7 0.310364 0.518226 0.0767418 0.0946687
18 0.115676 0.312862 0.216231 0.35523
18 0.0311743 0.0917391 0.146932 0.730154
18 0.0210567 0.0833791 0.177911 0.717654
18 0.0200413 0.104677 0.227915 0.647367
18 0.0105713 0.0504053 0.113902 0.825122
18 0.00405674 0.0150736 0.0779713 0.902898
18 0.0172674 0.121429 0.395661 0.465642
13 0.0167435 0.260396 0.568075 0.154785
7 0.0210517 0.569357 0.0681388 0.341453
18 0.00120289 0.0197885 0.13328 0.845729
18 0.00828695 0.0320142 0.132184 0.827515
18 0.00441235 0.0383508 0.130473 0.826764
18 0.0249096 0.071963 0.255966 0.647161
18 0.0096181 0.102605 0.17261 0.715167
7 0.0560475 0.391906 0.31692 0.235127
18 0.0100959 0.0411283 0.206332 0.742444
13 0.0186447 0.140384 0.736448 0.104523
18 0.0126388 0.065286 0.371554 0.550521
18 0.00154498 0.0375363 0.0714317 0.889487
18 0.00257701 0.0678571 0.0473797 0.882186
18 0.0149215 0.0492211 0.371432 0.564426
18 0.02805 0.267185 0.0714297 0.633335
18 0.002567 0.12452 0.022616 0.850297
18 0.00830991 0.0256078 0.0651397 0.900943
18 0.00857179 0.0723959 0.155724 0.763308
18 0.00615186 0.0955475 0.161217 0.737084
13 0.0476665 0.0702554 0.752579 0.129499
18 0.00375355 0.00765871 0.0707071 0.917881
13 0.0127332 0.0987315 0.611329 0.277207
13 0.0227415 0.160026 0.455585 0.361647
13 0.022002 0.298421 0.405245 0.274332
