labels 13 0 7 18
0 0.0242789 0.539832 0.416347 0.0195418
0 0.00889904 0.955773 0.0348084 0.000519821
0 0.0120546 0.90955 0.0767645 0.00163104
0 0.437543 0.531938 0.0301621 0.000356895
0 0.0107231 0.604739 0.379804 0.00473413
7 0.160108 0.368683 0.376765 0.0944444
0 0.0168253 0.739865 0.238463 0.00484714
0 0.0513409 0.646447 0.267179 0.0350336
0 0.0027273 0.989519 0.00728184 0.000472072
0 0.0294003 0.869953 0.0770841 0.0235624
0 0.0480147 0.831396 0.115823 0.00476564
13 0.465474 0.0890405 0.441864 0.00362166
0 0.0415077 0.828821 0.127757 0.00191448
0 0.0417751 0.94258 0.0150226 0.000621967
0 0.00142172 0.95921 0.0380693 0.00129861
0 0.104443 0.742618 0.148404 0.00453512
0 0.207298 0.613873 0.171129 0.00770001
0 0.359916 0.446629 0.190108 0.00334736
0 0.0290001 0.849116 0.089128 0.0327562
0 0.00423103 0.954507 0.0317879 0.00947354
7 0.0380684 0.438546 0.469439 0.0539463
0 0.00269476 0.884601 0.109036 0.00366832
0 0.0125583 0.9511 0.0327101 0.00363168
0 0.0354371 0.836335 0.118193 0.0100351
0 0.0323361 0.849513 0.116409 0.00174192
0 0.00199798 0.902683 0.0920139 0.00330461
0 0.0645802 0.728211 0.194639 0.0125694
13 0.486069 0.0440835 0.264521 0.205326
0 0.169589 0.52127 0.302567 0.00657432
0 0.0409954 0.627571 0.328034 0.00339985
7 0.261686 0.0615845 0.630841 0.0458884
0 0.0442346 0.743392 0.1933 0.0190738
13 0.596961 0.109844 0.10838 0.184816
0 0.388865 0.437025 0.166212 0.00789778
0 0.0319575 0.550012 0.407284 0.0107465
0 0.0821923 0.800305 0.115118 0.00238481
13 0.637918 0.0357942 0.218244 0.108044
7 0.0571627 0.314341 0.575674 0.0528228
7 0.192 0.192937 0.468873 0.14619
0 0.139116 0.797836 0.0595119 0.00353635
0 0.00294486 0.816194 0.17909 0.00177116
0 0.20904 0.518624 0.270952 0.00138393
7 0.0193124 0.260035 0.719306 0.00134672
0 0.0839185 0.757892 0.104564 0.0536255
0 0.0213141 0.7306 0.24699 0.00109569
0 0.00858797 0.951918 0.0382496 0.00124444
0 0.0153421 0.931424 0.0461777 0.00705639
13 0.799612 0.0497132 0.08379 0.0668844
0 0.0166324 0.919293 0.0582637 0.00581058
13 0.7071 0.013083 0.196238 0.0835792
0 0.00796579 0.822774 0.163416 0.00584423
0 0.0181896 0.919272 0.0622001 0.000338701
0 0.06259 0.81525 0.118778 0.00338237
0 0.400277 0.548425 0.0501203 0.00117792
7 0.18366 0.255574 0.516457 0.044309
0 0.106795 0.700732 0.188809 0.00366442
0 0.00631768 0.584619 0.393057 0.0160064
0 0.0365789 0.641388 0.315865 0.00616794
0 0.000681718 0.96265 0.0360451 0.000623385
0 0.00115652 0.910631 0.0870996 0.00111331
0 0.092354 0.506437 0.3908 0.0104088
0 0.00636666 0.952457 0.0395558 0.00162039
0 0.0402558 0.647185 0.310809 0.00175039
0 0.0102178 0.818586 0.148062 0.0231342
0 3.22372e-05 0.992838 0.00677124 0.000358082
13 0.429043 0.119567 0.396083 0.0553067
0 0.0662024 0.619352 0.298669 0.0157771
0 0.0375268 0.825607 0.131237 0.00562922
0 0.0461855 0.591517 0.359451 0.00284622
0 0.00539176 0.884635 0.106167 0.00380644
0 0.0365762 0.76132 0.177572 0.0245312
13 0.657455 0.179529 0.139086 0.0239304
0 0.00219405 0.990204 0.0073529 0.000249116
0 0.0915128 0.64798 0.204185 0.056323
0 0.00648425 0.549466 0.425371 0.0186787
0 0.00204227 0.953822 0.0429493 0.00118611
0 0.0043683 0.885281 0.105034 0.00531648
0 0.218571 0.375569 0.206592 0.199268
7 0.328283 0.211584 0.393351 0.0667822
0 0.00957948 0.953334 0.0366255 0.000460933
13 0.593807 0.0400686 0.364844 0.00127992
0 0.0103079 0.965534 0.0240829 7.53104e-05
0 0.00535305 0.941011 0.0527077 0.000928133
0 0.213591 0.448023 0.331033 0.00735258
0 0.0736876 0.816425 0.106659 0.00322875
7 0.25915 0.0745012 0.653107 0.0132418
0 0.012118 0.893635 0.0863766 0.00787045
0 0.0282877 0.808753 0.139191 0.0237683
0 0.0181884 0.874539 0.102226 0.00504713
0 0.00784813 0.822933 0.15588 0.0133388
7 0.041023 0.157948 0.79795 0.00307816
13 0.854714 0.0499593 0.0774848 0.0178419
0 7.78886e-05 0.987638 0.0112734 0.00101028
0 0.00826632 0.816103 0.1728 0.00283019
13 0.692607 0.0576468 0.191462 0.058284
7 0.00502298 0.330003 0.664429 0.00054535
7 0.0626693 0.224192 0.692202 0.0209365
0 0.000290481 0.976707 0.0224695 0.000533314
0 0.27461 0.54439 0.173392 0.00760722
13 0.572269 0.182485 0.233079 0.012168
13 0.625348 0.0178474 0.132036 0.224769
7 0.4065 0.157866 0.408123 0.0275112
0 0.00911268 0.886737 0.101888 0.00226252
0 0.255641 0.629958 0.0965332 0.0178676
13 0.573785 0.191397 0.221581 0.0132371
0 0.0051838 0.663866 0.325576 0.00537444
7 0.0118073 0.448403 0.537207 0.00258228
13 0.629356 0.102459 0.190969 0.0772162
0 0.0142698 0.870034 0.103413 0.012283
0 0.0179193 0.864909 0.0876054 0.0295663
0 0.00130847 0.944995 0.0533995 0.00029719
13 0.600925 0.283545 0.10427 0.0112593
0 0.00484836 0.956667 0.024491 0.0139932
13 0.475857 0.34182 0.141759 0.0405637
0 0.185291 0.67227 0.133631 0.00880751
0 0.0137176 0.952424 0.0325337 0.00132477
0 0.000755691 0.987115 0.0118269 0.000302658
7 0.36923 0.0356078 0.466597 0.128565
0 0.184672 0.67514 0.131953 0.00823514
13 0.392495 0.293802 0.29503 0.0186736
18 0.0656164 0.215079 0.249549 0.469755
0 0.0200649 0.960813 0.018457 0.000665066
0 0.0836962 0.556608 0.345347 0.0143487
13 0.662619 0.168906 0.147259 0.0212162
0 0.163304 0.589568 0.244537 0.0025913
0 0.134862 0.596936 0.22699 0.0412113
0 0.0522484 0.719818 0.218364 0.00956964
0 0.0222165 0.697233 0.278716 0.00183518
13 0.682074 0.102694 0.168351 0.0468805
0 0.00947805 0.934967 0.0534836 0.00207178
0 0.0182905 0.828645 0.10631 0.0467539
0 0.0469911 0.655088 0.269088 0.0288326
0 0.322908 0.566584 0.102749 0.00775989
13 0.65905 0.0934596 0.212377 0.0351134
13 0.483653 0.133106 0.380518 0.00272199
0 0.00538055 0.870559 0.123197 0.000864007
0 0.0119248 0.54983 0.412296 0.0259487
0 0.0506073 0.92126 0.027816 0.000317192
18 0.292586 0.0775137 0.209994 0.419905
0 0.418589 0.49345 0.0637243 0.0242363
0 0.044485 0.895445 0.0487532 0.0113171
0 0.0693523 0.643076 0.273962 0.0136097
13 0.607496 0.180875 0.0496244 0.162005
0 4.89266e-05 0.990678 0.00924196 3.08235e-05
0 0.0140324 0.690332 0.291187 0.0044485
0 0.00301072 0.904064 0.0923712 0.000553952
0 0.0360754 0.7302 0.232344 0.00138144
0 0.0375138 0.904221 0.0578134 0.000451561
0 0.0125204 0.848632 0.136581 0.00226658
0 0.11864 0.82155 0.0577642 0.00204497
0 0.1975 0.721794 0.0624199 0.0182864
0 0.0499922 0.657395 0.289264 0.0033492
7 0.413972 0.0483419 0.532245 0.00544059
0 0.048719 0.484699 0.451305 0.0152775
18 0.269253 0.00397538 0.0189377 0.707834
0 0.0527521 0.752344 0.13092 0.0639841
13 0.733635 0.0592869 0.161653 0.0454251
7 0.245749 0.323845 0.412212 0.0181938
0 0.000165812 0.982309 0.0174936 3.18108e-05
0 0.0943567 0.622753 0.275493 0.00739715
7 0.047016 0.229612 0.714072 0.00929978
0 0.0218259 0.946478 0.0214916 0.0102041
0 0.00168567 0.890912 0.105006 0.00239605
0 0.23131 0.38268 0.377115 0.00889439
7 0.272824 0.0750572 0.547592 0.104527
7 0.413187 0.0456286 0.534728 0.00645592
0 0.00317959 0.972987 0.0213872 0.00244621
0 0.0182528 0.580839 0.388937 0.0119704
0 0.00166361 0.841219 0.155781 0.00133587
7 0.0923452 0.364477 0.536566 0.00661102
0 0.0203856 0.916618 0.0578912 0.00510573
0 0.354881 0.449622 0.167455 0.028042
0 0.083758 0.561306 0.293891 0.0610446
0 0.0659636 0.741236 0.189883 0.00291709
13 0.56395 0.0285883 0.361364 0.0460976
0 0.0036876 0.959917 0.0347806 0.00161462
13 0.643877 0.0420591 0.148019 0.166044
0 0.00785466 0.825248 0.166356 0.000541594
0 0.00572095 0.966527 0.0263271 0.00142467
0 0.0677072 0.590013 0.331293 0.0109865
0 0.00226531 0.945366 0.0492009 0.00316757
0 0.169171 0.741528 0.088468 0.000832633
0 0.326637 0.489994 0.176287 0.00708161
0 0.00964374 0.797349 0.18167 0.0113382
0 0.0253326 0.860951 0.109447 0.00426943
0 0.00758124 0.897624 0.0884028 0.00639168
0 0.0118919 0.782337 0.20166 0.00411064
13 0.677209 0.0161908 0.302999 0.00360095
13 0.5179 0.0516414 0.27093 0.159528
0 0.114369 0.611347 0.271987 0.00229801
0 0.00145388 0.931751 0.0664572 0.000338082
0 0.0997817 0.688603 0.209901 0.00171417
0 0.0922456 0.415064 0.379905 0.112785
0 0.00946847 0.896972 0.0854543 0.00810497
7 0.222793 0.345561 0.414202 0.0174439
0 0.0562796 0.797618 0.145079 0.00102314
0 0.361673 0.372747 0.241627 0.023953
0 0.00057869 0.966948 0.0321569 0.000316136
0 0.00367761 0.898903 0.0965775 0.000842255
13 0.554273 0.241731 0.139576 0.0644196
0 0.000406121 0.972421 0.0261466 0.00102603
7 0.0686544 0.0962275 0.828561 0.00655671
0 0.00573138 0.91298 0.0725932 0.00869501
13 0.460908 0.273564 0.246147 0.0193806
0 0.0264649 0.643001 0.285599 0.0449352
13 0.513291 0.347502 0.133663 0.00554387
0 0.00672298 0.975499 0.0163213 0.001457
13 0.368952 0.253974 0.297631 0.0794426
0 0.0023316 0.875906 0.114983 0.00677919
0 0.0111753 0.851488 0.0931812 0.0441552
0 0.330899 0.494869 0.172667 0.0015643
0 0.000907435 0.986606 0.0113521 0.00113439
0 0.296114 0.520056 0.161174 0.0226564
0 0.207057 0.646483 0.124261 0.0221991
0 0.000125571 0.984639 0.0140197 0.0012155
0 0.0857307 0.728651 0.160375 0.0252438
0 4.60642e-06 0.997149 0.0027968 4.99975e-05
0 0.183801 0.761711 0.0417906 0.012697
13 0.5913 0.157149 0.15207 0.0994804
0 0.00519721 0.692689 0.296011 0.00610256
18 0.107164 0.00616339 0.0529005 0.833772
13 0.460884 0.00676999 0.397491 0.134855
7 0.066723 0.423776 0.506735 0.00276589
13 0.535175 0.0115533 0.350157 0.103115
13 0.54144 0.224194 0.205349 0.0290165
0 0.292464 0.392431 0.299014 0.0160911
7 0.0485635 0.255129 0.656492 0.0398149
7 0.0835074 0.331458 0.55219 0.0328444
7 0.20305 0.0816494 0.665884 0.0494165
7 0.0134459 0.17316 0.798702 0.0146923
7 0.190056 0.0931399 0.667146 0.0496577
7 0.0872268 0.0304484 0.876577 0.00574785
18 0.0345535 0.0221498 0.0473045 0.895992
0 0.035102 0.650618 0.309149 0.00513095
7 0.24265 0.30781 0.441627 0.00791315
13 0.471728 0.105531 0.375276 0.0474654
7 0.445481 0.078168 0.455102 0.0212491
13 0.618081 0.081186 0.294456 0.00627743
7 0.104055 0.0421494 0.830627 0.0231689
7 0.00883376 0.0196253 0.964485 0.00705578
7 0.104944 0.0903091 0.797439 0.00730813
7 0.0937339 0.404547 0.498927 0.00279255
7 0.208685 0.0391137 0.551263 0.200938
7 0.0595294 0.165167 0.766788 0.0085155
7 0.0141998 0.338629 0.629487 0.0176842
13 0.732263 0.0219369 0.079213 0.166588
13 0.484131 0.167202 0.182263 0.166403
13 0.825069 0.0137991 0.128664 0.0324681
18 0.28814 0.0159757 0.275478 0.420407
13 0.677865 0.00466864 0.20046 0.117007
7 0.0994929 0.0371537 0.798923 0.0644301
7 0.332499 0.0956481 0.524225 0.0476281
7 0.358285 0.0440302 0.434079 0.163605
18 0.291579 0.0124529 0.101058 0.59491
7 0.163781 0.300428 0.491212 0.044579
13 0.923162 0.00831694 0.0652333 0.00328747
18 0.213755 0.0256653 0.0421743 0.718405
7 0.183391 0.00928381 0.785224 0.0221012
7 0.0619261 0.22903 0.596023 0.113021
7 0.173022 0.218146 0.59829 0.0105418
0 0.205517 0.422125 0.308249 0.064109
7 0.065034 0.0416829 0.511113 0.38217
7 0.351886 0.208373 0.384752 0.0549893
0 0.183286 0.692422 0.122213 0.00207848
13 0.733817 0.0196201 0.152459 0.0941038
7 0.225114 0.114396 0.651963 0.00852746
7 0.389312 0.0499078 0.495058 0.0657228
13 0.812293 0.0058708 0.149737 0.0320995
7 0.157314 0.0289412 0.776995 0.0367501
0 0.0116603 0.869572 0.113982 0.00478626
7 0.113812 0.191281 0.643142 0.0517654
18 0.252595 0.0013331 0.103725 0.642347
0 0.0193491 0.76415 0.209403 0.00709814
7 0.32336 0.188514 0.478552 0.00957328
7 0.0210867 0.0715381 0.892838 0.0145368
7 0.362213 0.0714418 0.4789 0.0874454
18 0.151109 0.00576077 0.0386136 0.804517
7 0.362053 0.0140683 0.58885 0.0350288
0 0.0199507 0.842644 0.134466 0.00293904
7 0.352744 0.205596 0.417095 0.0245649
13 0.433852 0.018279 0.228911 0.318957
7 0.0693578 0.0793425 0.835649 0.0156503
7 0.10442 0.0440434 0.823158 0.0283785
7 0.0654472 0.249141 0.6837 0.00171102
7 0.457589 0.0270476 0.460342 0.0550221
7 0.113036 0.00272424 0.881961 0.00227919
7 0.267848 0.0423047 0.675322 0.0145245
7 0.27052 0.0867678 0.624195 0.0185178
13 0.629362 0.0541708 0.233145 0.0833223
7 0.163939 0.0148141 0.813204 0.00804298
7 0.379062 0.00556788 0.401992 0.213378
7 0.236557 0.0239783 0.711701 0.0277636
7 0.443034 0.01137 0.51712 0.0284762
7 0.135615 0.0760035 0.775901 0.01248
7 0.023383 0.250853 0.721828 0.00393591
18 0.286897 0.0749289 0.261128 0.377046
0 0.0757764 0.510246 0.403526 0.0104522
0 0.0380038 0.867783 0.0883584 0.00585506
7 0.429747 0.0112745 0.535264 0.0237139
7 0.185982 0.0255997 0.748003 0.0404147
7 0.220092 0.0778782 0.686178 0.0158516
7 0.140865 0.0146992 0.8411 0.00333565
7 0.0224331 0.0219128 0.859935 0.0957195
18 0.199397 0.0654309 0.347676 0.387497
7 0.280846 0.0275973 0.413242 0.278314
13 0.562296 0.00690138 0.117035 0.313767
7 0.0187504 0.186428 0.787206 0.00761482
7 0.190845 0.0256612 0.775904 0.00758974
13 0.866122 0.00899078 0.0822948 0.0425925
7 0.35493 0.06101 0.399432 0.184628
0 0.0453115 0.844244 0.109557 0.000887924
13 0.614813 0.264926 0.0963319 0.0239293
0 0.00541706 0.500791 0.48697 0.00682143
7 0.235151 0.0142748 0.453433 0.297142
13 0.511037 0.0232258 0.365848 0.0998898
7 0.0821077 0.115819 0.755087 0.0469859
13 0.682328 0.0699494 0.234612 0.0131104
7 0.157943 0.0922462 0.726756 0.0230546
7 0.384445 0.0553225 0.54749 0.0127425
13 0.64328 0.0647842 0.249017 0.0429191
13 0.637377 0.0149483 0.261298 0.0863763
7 0.203046 0.0212928 0.62097 0.15469
13 0.648908 0.0917225 0.245991 0.0133783
7 0.180849 0.292308 0.521381 0.0054623
13 0.551822 0.0339614 0.330442 0.0837743
7 0.0572621 0.204242 0.727727 0.0107683
7 0.0514629 0.0555998 0.87737 0.0155673
7 0.0479379 0.276726 0.628659 0.0466768
13 0.51731 0.130514 0.342318 0.00985753
13 0.570349 0.142434 0.268794 0.0184231
7 0.0645884 0.0773742 0.855161 0.00287654
7 0.0603044 0.0500479 0.844775 0.0448728
7 0.232146 0.02172 0.519129 0.227005
7 0.0477615 0.0570732 0.803043 0.0921227
13 0.644257 0.0361798 0.230584 0.0889789
7 0.217615 0.028912 0.74672 0.00675324
7 0.0650437 0.0665392 0.861516 0.00690151
7 0.328099 0.00975156 0.58372 0.0784298
7 0.00499115 0.481275 0.510246 0.00348787
7 0.0810342 0.101134 0.74333 0.074502
7 0.0618033 0.367293 0.558402 0.0125011
7 0.183212 0.0185493 0.756634 0.0416045
7 0.0700866 0.0564347 0.844692 0.0287863
0 0.00603429 0.951295 0.0409917 0.0016789
7 0.20486 0.0422584 0.736919 0.0159626
7 0.22006 0.0353015 0.626782 0.117857
18 0.0757678 0.111274 0.280616 0.532342
18 0.314882 0.0565094 0.311651 0.316957
13 0.563462 0.168834 0.248195 0.0195089
7 0.147043 0.0789584 0.737786 0.0362119
0 0.00700194 0.796542 0.196117 0.000338863
7 0.317665 0.106423 0.339932 0.23598
13 0.588617 0.013415 0.0593657 0.338602
7 0.0285272 0.165382 0.796972 0.00911902
7 0.476447 0.00227645 0.507129 0.0141474
13 0.403578 0.0100087 0.251024 0.335389
7 0.265572 0.0284814 0.630551 0.0753956
0 0.208322 0.545206 0.219492 0.0269802
18 0.0292576 0.00294962 0.146118 0.821675
7 0.170878 0.0156234 0.74464 0.0688584
18 0.298234 0.0248104 0.301881 0.375074
7 0.0637659 0.123171 0.794985 0.0180786
13 0.563075 0.0347829 0.32382 0.0783228
7 0.336947 0.211527 0.364431 0.0870944
0 0.397634 0.44236 0.158016 0.00198932
7 0.42614 0.0148986 0.523803 0.0351586
7 0.158359 0.0166433 0.686811 0.138187
7 0.0315388 0.0528962 0.851739 0.0638257
18 0.106149 0.0141775 0.325097 0.554576
13 0.56448 0.00872573 0.113773 0.313021
7 0.344987 0.0255468 0.627141 0.00232532
7 0.34138 0.19181 0.464261 0.00254968
13 0.648923 0.0618367 0.286146 0.0030942
7 0.0316433 0.0158136 0.947249 0.00529447
7 0.0234101 0.3964 0.554954 0.0252357
7 0.15536 0.242367 0.591776 0.0104974
0 0.00942241 0.824296 0.165287 0.000994423
18 0.239529 0.0118957 0.0983909 0.650185
7 0.397398 0.0335629 0.48117 0.087869
7 0.435229 0.0294459 0.517191 0.0181341
7 0.142679 0.139423 0.705004 0.0128935
7 0.13268 0.386219 0.45094 0.0301604
7 0.0244429 0.0215208 0.930887 0.0231491
13 0.804542 0.0149267 0.173331 0.00719951
7 0.0273642 0.223497 0.723991 0.025148
7 0.0107941 0.0644529 0.908021 0.0167319
7 0.0576534 0.0125222 0.867932 0.0618925
7 0.320033 0.155602 0.505424 0.018941
13 0.751397 0.0245249 0.216167 0.00791134
7 0.0217407 0.141469 0.827498 0.00929243
7 0.217274 0.122783 0.647161 0.0127816
7 0.191092 0.0921082 0.674251 0.0425491
13 0.647756 0.103084 0.189382 0.0597788
7 0.0309984 0.171355 0.789812 0.00783422
13 0.545824 0.0525838 0.395743 0.00584919
13 0.403749 0.016383 0.290702 0.289166
13 0.55702 0.0157969 0.19074 0.236443
0 0.261328 0.544118 0.187604 0.00695016
13 0.50274 0.266109 0.21463 0.0165216
7 0.0660769 0.00742054 0.921838 0.00466454
0 0.0637486 0.7034 0.220936 0.0119155
7 0.324699 0.19631 0.452366 0.0266242
13 0.423929 0.117181 0.387595 0.0712959
13 0.547391 0.0391877 0.248872 0.164549
7 0.0850373 0.0122709 0.868448 0.0342438
13 0.572033 0.167973 0.247788 0.012206
18 0.146465 0.0245716 0.139005 0.689958
7 0.350492 0.0281083 0.565039 0.0563609
7 0.0127543 0.28798 0.692789 0.00647715
7 0.015158 0.0852077 0.886313 0.0133217
13 0.7575 0.0301158 0.113144 0.0992399
7 0.397281 0.108613 0.484355 0.00975075
7 0.0713592 0.0810322 0.833666 0.0139423
0 0.0645363 0.656859 0.27608 0.00252404
13 0.472517 0.170415 0.245453 0.111614
7 0.0837745 0.0633172 0.786041 0.0668675
7 0.0490573 0.194966 0.747115 0.00886108
13 0.521716 0.0247302 0.413183 0.040371
7 0.0952948 0.0187065 0.871867 0.0141318
13 0.538919 0.094405 0.348223 0.0184526
13 0.42277 0.0554651 0.202427 0.319337
0 0.331135 0.543816 0.110055 0.0149937
0 0.0431666 0.648917 0.291339 0.0165778
13 0.762101 0.0440733 0.187416 0.00641006
18 0.329499 0.00393872 0.272362 0.3942
0 0.240333 0.549712 0.206916 0.0030389
7 0.0571315 0.159203 0.778113 0.00555289
7 0.0265055 0.0445857 0.916345 0.012564
7 0.0276678 0.0827908 0.887248 0.0022931
7 0.0254788 0.118634 0.854101 0.0017862
18 0.32693 0.0389336 0.112564 0.521573
13 0.481417 0.00613991 0.07091 0.441533
7 0.0629646 0.142205 0.778567 0.016264
7 0.0768502 0.180927 0.720209 0.0220134
7 0.0210888 0.0678341 0.907464 0.00361279
7 0.384868 0.0236195 0.450218 0.141295
7 0.44216 0.0093368 0.520246 0.0282576
7 0.270273 0.0123122 0.695579 0.021836
7 0.0563702 0.100012 0.837059 0.00655826
7 0.146017 0.00519185 0.847464 0.00132691
18 0.234904 0.0178642 0.2568 0.490432
7 0.143267 0.0624601 0.755092 0.0391807
13 0.474692 0.00408868 0.462303 0.0589171
0 0.0532177 0.707595 0.109734 0.129453
13 0.746519 0.0230549 0.226027 0.0043995
13 0.439433 0.169911 0.386337 0.00431822
7 0.207443 0.218519 0.549351 0.0246861
7 0.367018 0.00901744 0.620609 0.00335523
7 0.187555 0.118794 0.660225 0.0334259
7 0.0336334 0.466853 0.495561 0.00395207
0 0.0517601 0.530882 0.414958 0.00240003
7 0.111824 0.054878 0.52437 0.308929
13 0.516561 0.0458463 0.37174 0.0658523
7 0.0780596 0.376165 0.530244 0.0155311
18 0.062716 0.278847 0.206379 0.452058
7 0.0525049 0.0339104 0.889012 0.0245728
7 0.0882375 0.0658508 0.814173 0.0317389
7 0.127724 0.128867 0.737792 0.00561754
7 0.026625 0.188022 0.71375 0.0716027
13 0.594616 0.122694 0.281478 0.00121251
7 0.178728 0.0261468 0.788662 0.00646303
13 0.584617 0.00503078 0.169098 0.241255
7 0.0375043 0.25861 0.637697 0.0661885
7 0.305409 0.0258844 0.653379 0.0153271
7 0.0408661 0.120751 0.811174 0.0272089
7 0.242588 0.0697835 0.679629 0.00800011
18 0.0824099 0.00412013 0.335986 0.577484
7 0.122455 0.0792772 0.752958 0.0453097
13 0.610705 0.0129933 0.0751978 0.301103
7 0.0846498 0.0617406 0.608995 0.244614
13 0.75723 0.0300911 0.197899 0.0147806
7 0.327631 0.0764072 0.591973 0.00398916
18 0.209957 0.00983562 0.20578 0.574427
7 0.18904 0.0700045 0.730511 0.0104441
7 0.0630196 0.0282843 0.810688 0.0980085
13 0.539367 0.0240814 0.324136 0.112416
7 0.246654 0.0134348 0.639686 0.100225
7 0.171923 0.0794042 0.583022 0.16565
7 0.194399 0.0178051 0.781964 0.00583135
7 0.0414444 0.148119 0.785873 0.0245635
7 0.0260115 0.0992036 0.770447 0.104338
7 0.216247 0.0979906 0.65453 0.0312326
13 0.667778 0.0235211 0.284124 0.0245767
7 0.159185 0.0571676 0.772594 0.0110526
0 0.0556125 0.716838 0.217655 0.00989446
7 0.117638 0.0573293 0.763224 0.0618085
7 0.20472 0.0262639 0.768449 0.000567641
13 0.588446 0.168258 0.226547 0.0167483
0 0.306017 0.453076 0.211321 0.0295859
7 0.218464 0.0474919 0.715832 0.0182124
13 0.476997 0.209304 0.283072 0.0306278
0 0.0421102 0.639067 0.311354 0.00746884
13 0.645747 0.0721324 0.202146 0.0799747
7 0.0489741 0.0318567 0.860204 0.0589656
0 0.178216 0.399147 0.303191 0.119446
13 0.758447 0.0434885 0.107043 0.0910214
13 0.616936 0.0187556 0.245639 0.118669
7 0.0511464 0.0903687 0.851252 0.00723306
13 0.441636 0.135104 0.375513 0.0477475
13 0.476971 0.038652 0.469401 0.0149758
7 0.299436 0.0589353 0.634622 0.00700718
7 0.0183086 0.337387 0.621603 0.022702
7 0.0268263 0.101959 0.862915 0.00829975
13 0.659098 0.0167627 0.309513 0.0146265
7 0.377558 0.0761098 0.527434 0.018898
7 0.0708017 0.0464584 0.869884 0.0128555
13 0.659844 0.046886 0.268081 0.0251888
0 0.296704 0.40696 0.218009 0.0783264
0 0.0751636 0.724321 0.192908 0.00760692
13 0.650069 0.00923153 0.18336 0.15734
7 0.0234377 0.417323 0.558799 0.000440053
7 0.0135325 0.1339 0.844809 0.00775847
18 0.0498194 0.00123798 0.0491362 0.899806
13 0.626598 0.0157658 0.0845409 0.273095
7 0.261702 0.079568 0.619383 0.039347
7 0.233858 0.164301 0.395615 0.206225
7 0.38212 0.129337 0.480911 0.00763176
7 0.242762 0.122257 0.622629 0.0123525
7 0.279347 0.040643 0.48341 0.1966
13 0.713183 0.0353399 0.108852 0.142625
7 0.0433625 0.192613 0.760459 0.00356585
18 0.170711 0.00305509 0.248209 0.578025
0 0.233403 0.505123 0.255995 0.00547923
7 0.207145 0.00715455 0.762231 0.0234697
7 0.193531 0.271774 0.501375 0.0333194
7 0.24099 0.0832657 0.524153 0.151591
13 0.652275 0.0410109 0.256087 0.0506268
13 0.676133 0.00587006 0.310189 0.00780807
13 0.705548 0.0493594 0.201433 0.0436601
7 0.0205788 0.110103 0.864587 0.00473085
7 0.272336 0.0590619 0.637991 0.0306112
7 0.3766 0.224348 0.379787 0.0192646
7 0.0901542 0.0181899 0.844967 0.0466891
7 0.443986 0.0238132 0.461662 0.0705386
7 0.291317 0.125813 0.565718 0.0171518
7 0.302339 0.191579 0.467066 0.0390166
0 0.010201 0.92806 0.0611376 0.000601656
7 0.217564 0.165766 0.584769 0.0319001
0 0.0431804 0.607807 0.345136 0.00387627
18 0.268116 0.00160891 0.144485 0.58579
0 0.0485559 0.749723 0.200875 0.00084651
7 0.142541 0.0067877 0.836415 0.0142571
7 0.348585 0.163759 0.392364 0.0952915
13 0.837639 0.0459831 0.0709754 0.0454028
7 0.328592 0.122296 0.538562 0.0105509
0 0.175941 0.472396 0.344925 0.00673824
7 0.279154 0.0193141 0.571467 0.130065
7 0.375606 0.0304048 0.572753 0.0212363
13 0.651873 0.114476 0.223948 0.00970344
18 0.392098 0.0272316 0.114321 0.46635
13 0.685089 0.00695549 0.0978042 0.210152
13 0.413062 0.164656 0.0866383 0.335644
13 0.454889 0.255559 0.26903 0.0205222
13 0.68283 0.0327784 0.272121 0.0122702
7 0.0715028 0.00930919 0.607985 0.311203
18 0.428256 0.0118882 0.0896728 0.470183
13 0.512954 0.0641697 0.200227 0.222649
7 0.18713 0.284422 0.438962 0.0894862
0 0.31006 0.401434 0.274899 0.0136065
13 0.758412 0.0714883 0.156626 0.0134737
13 0.7299 0.0687754 0.188874 0.0124497
13 0.476831 0.135121 0.359588 0.0284601
13 0.730745 0.0696931 0.168854 0.0307073
13 0.805019 0.0866259 0.0944433 0.0139114
13 0.444926 0.0988466 0.301859 0.154368
0 0.243411 0.389398 0.326585 0.0406055
13 0.589209 0.118815 0.263967 0.0280097
13 0.815024 0.0153566 0.152536 0.0170836
13 0.642865 0.108952 0.212257 0.0359259
18 0.345426 0.000830758 0.0360499 0.617693
13 0.517626 0.0182988 0.298927 0.165148
0 0.165603 0.515624 0.301986 0.0167865
13 0.467074 0.208895 0.273401 0.0506302
0 0.43221 0.445402 0.109443 0.0129447
13 0.78427 0.118412 0.0636904 0.0336273
0 0.0630994 0.818092 0.11746 0.00134893
13 0.444362 0.361997 0.192728 0.000912712
18 0.265834 0.045575 0.216233 0.472358
13 0.602675 0.0672183 0.304177 0.0259292
13 0.685506 0.165433 0.143511 0.00555013
13 0.73298 0.00641033 0.193204 0.0674052
18 0.403594 0.00268835 0.0332997 0.560418
13 0.514641 0.110733 0.352523 0.0221036
13 0.481623 0.0201686 0.11525 0.382958
7 0.316943 0.0300161 0.341658 0.311382
13 0.534304 0.294028 0.103263 0.0684043
13 0.769913 0.0364439 0.18307 0.0105734
7 0.0810015 0.262469 0.615112 0.0414177
7 0.235091 0.292666 0.452107 0.0201353
18 0.127251 0.0129507 0.214898 0.6449
0 0.298001 0.514773 0.161223 0.0260033
13 0.679734 0.0396046 0.195152 0.0855091
13 0.767986 0.029511 0.0720207 0.130482
13 0.661218 0.036224 0.26158 0.0409782
7 0.427673 0.115013 0.440533 0.0167808
13 0.665556 0.0101811 0.0954463 0.228816
7 0.276918 0.196471 0.491016 0.0355953
13 0.53104 0.123818 0.143143 0.201999
13 0.69139 0.0497363 0.0976906 0.161183
13 0.647552 0.055952 0.0469414 0.249555
18 0.425491 0.0346696 0.106045 0.433795
13 0.42628 0.319863 0.251686 0.00217143
13 0.910614 0.0154075 0.0386944 0.0352844
0 0.167407 0.69924 0.0540839 0.0792692
13 0.802618 0.0403908 0.0453252 0.111666
7 0.32859 0.0790766 0.419562 0.172771
13 0.692006 0.051068 0.234733 0.0221936
7 0.278481 0.0285391 0.580786 0.112194
7 0.339425 0.265997 0.378695 0.0158832
7 0.359451 0.0214485 0.610704 0.00839606
13 0.630789 0.0493841 0.312751 0.00707627
18 0.112117 0.0101637 0.0610901 0.816629
13 0.514516 0.0283454 0.429465 0.0276731
13 0.859303 0.0273767 0.0948109 0.0185097
18 0.210522 0.0252349 0.0959213 0.668321
13 0.731307 0.0558131 0.143012 0.0698685
18 0.224059 0.0715426 0.126476 0.577922
13 0.540007 0.117787 0.339784 0.00242186
7 0.150871 0.389143 0.454917 0.00506827
13 0.607683 0.294792 0.0837108 0.0138145
18 0.42251 0.014577 0.0675726 0.49534
13 0.539177 0.0799808 0.198496 0.182347
13 0.669447 0.0537226 0.155006 0.121825
18 0.375061 0.00570644 0.0465208 0.572711
7 0.440525 0.0473611 0.460768 0.0513456
13 0.666855 0.11 0.141005 0.0821394
13 0.698179 0.020827 0.242554 0.0384396
13 0.607111 0.00643724 0.306686 0.0797661
18 0.13627 0.000367774 0.115313 0.748049
13 0.458036 0.0824632 0.419445 0.0400556
0 0.361429 0.391453 0.245722 0.00139555
13 0.829362 0.114371 0.0551274 0.00114043
13 0.608569 0.0373653 0.324694 0.0293716
13 0.563469 0.0146854 0.122706 0.299139
13 0.648992 0.0290299 0.302341 0.019637
13 0.711657 0.0232083 0.0622864 0.202848
13 0.668334 0.113966 0.150938 0.0667624
13 0.703074 0.0154898 0.161599 0.119838
0 0.0349553 0.509223 0.451947 0.00387486
13 0.596813 0.175713 0.141019 0.0864556
0 0.143404 0.684735 0.162961 0.00890021
7 0.184642 0.0166599 0.681699 0.116999
13 0.52801 0.016716 0.279112 0.176161
13 0.863115 0.00916938 0.10572 0.0219951
13 0.684646 0.0319486 0.234846 0.0485595
13 0.569858 0.115876 0.302223 0.012044
13 0.797115 0.0194363 0.108766 0.0746832
13 0.554085 0.203186 0.201086 0.041643
7 0.152954 0.240194 0.434289 0.172563
13 0.673167 0.0486785 0.142198 0.135956
13 0.774832 0.0189046 0.0704849 0.135779
13 0.58372 0.305515 0.102189 0.00857629
0 0.2045 0.476785 0.313101 0.00561442
13 0.711163 0.0557941 0.218368 0.0146752
13 0.468526 0.316751 0.19667 0.018054
0 0.075529 0.795499 0.102772 0.0261992
13 0.696899 0.193738 0.104454 0.00490784
13 0.485579 0.148231 0.135537 0.230652
7 0.45032 0.0457413 0.486144 0.0177937
13 0.4658 0.00537981 0.139862 0.388958
13 0.563655 0.102825 0.327023 0.00649733
13 0.646912 0.0143634 0.0544342 0.284291
13 0.86987 0.0224607 0.0891513 0.0185176
18 0.322143 0.0107657 0.238424 0.428667
13 0.732526 0.00184064 0.172998 0.0926355
7 0.282423 0.125889 0.581747 0.00994044
0 0.346212 0.410659 0.216726 0.0264029
13 0.518205 0.0102668 0.223672 0.247856
13 0.816704 0.0337432 0.0735799 0.0759732
13 0.507813 0.0401729 0.13258 0.319434
0 0.136914 0.794155 0.0559802 0.0129503
13 0.4076 0.0759077 0.269565 0.246927
18 0.362149 0.010905 0.168711 0.458235
13 0.603426 0.0303756 0.355679 0.0105194
13 0.587372 0.0175942 0.349508 0.0455263
18 0.185409 0.00345964 0.0670013 0.74413
13 0.798382 0.0580952 0.114298 0.0292243
7 0.304335 0.0314653 0.650476 0.0137233
7 0.353398 0.154568 0.485509 0.00652501
13 0.565157 0.00426168 0.0919946 0.338586
13 0.744298 0.00272711 0.0415326 0.211442
7 0.205316 0.00637775 0.74957 0.0387362
13 0.607508 0.0831891 0.206995 0.102308
18 0.0811249 0.00138012 0.039371 0.878124
13 0.647445 0.225116 0.0866857 0.0407533
13 0.695336 0.0803627 0.184762 0.0395397
13 0.507758 0.0440775 0.253129 0.195035
0 0.284988 0.581113 0.125788 0.00811194
0 0.14131 0.463989 0.387973 0.00672851
13 0.583443 0.0878954 0.203907 0.124755
7 0.355911 0.06675 0.381431 0.195908
13 0.734943 0.0917377 0.167198 0.00612195
13 0.788516 0.0299465 0.151023 0.0305143
13 0.916912 0.0318028 0.0441757 0.00710982
13 0.515006 0.247759 0.23422 0.00301481
13 0.671711 0.0248345 0.275069 0.0283848
13 0.878371 0.00453069 0.0998964 0.0172022
18 0.394989 0.0509204 0.114583 0.439507
13 0.424902 0.120171 0.362577 0.0923508
13 0.495653 0.329118 0.0736526 0.101577
7 0.145699 0.291061 0.558071 0.00516863
7 0.432327 0.115082 0.435349 0.0172427
13 0.71719 0.0476657 0.213217 0.0219266
13 0.87032 0.0211756 0.0799817 0.0285223
13 0.460022 0.0284385 0.169415 0.342124
13 0.443383 0.0344637 0.0975422 0.424611
0 0.401194 0.553367 0.0358207 0.00961857
7 0.0816243 0.0124824 0.883496 0.022397
13 0.692194 0.0440137 0.0859378 0.177855
13 0.618052 0.122111 0.218907 0.0409288
13 0.842229 0.0162586 0.115393 0.0261198
7 0.372372 0.131553 0.492762 0.00331262
13 0.777566 0.00924292 0.122077 0.0911135
13 0.62543 0.239835 0.131493 0.00324194
13 0.746391 0.0206383 0.199161 0.0338096
7 0.325823 0.195843 0.416823 0.0615107
7 0.207097 0.194918 0.532693 0.0652922
18 0.451734 0.00668262 0.0229075 0.518676
13 0.494351 0.159612 0.258382 0.0876556
13 0.767049 0.0311086 0.0653373 0.136505
13 0.872749 0.0208698 0.0690801 0.0373012
13 0.591209 0.0172538 0.33695 0.0545871
18 0.355725 0.00481422 0.177079 0.462382
0 0.021317 0.94696 0.0279406 0.00378282
18 0.34847 0.013372 0.0752705 0.562887
13 0.558021 0.0339663 0.0532005 0.354812
13 0.495673 0.199784 0.239485 0.0650584
13 0.480682 0.135705 0.369663 0.0139495
13 0.72357 0.00394036 0.233983 0.0385065
13 0.719142 0.0401669 0.148818 0.0918738
13 0.469286 0.184518 0.284221 0.0619744
13 0.759127 0.00342031 0.108707 0.128746
7 0.271162 0.0129776 0.438925 0.276935
13 0.649292 0.0774034 0.228528 0.0447766
13 0.571168 0.00340934 0.134691 0.290732
7 0.175104 0.0940872 0.712652 0.0181563
13 0.430473 0.00949572 0.271978 0.288053
7 0.145818 0.0443846 0.80337 0.00642731
7 0.238763 0.308888 0.373895 0.078454
18 0.392102 0.0366075 0.0874696 0.48382
13 0.659147 0.131291 0.197796 0.0117664
13 0.654909 0.0133068 0.190414 0.141371
13 0.490133 0.329302 0.140728 0.0398382
0 0.116652 0.458199 0.413584 0.0115648
13 0.662982 0.0420624 0.27123 0.0237251
7 0.153767 0.324126 0.431014 0.0910936
13 0.531951 0.18059 0.274459 0.0129999
18 0.0946874 0.00267615 0.112651 0.789985
13 0.463751 0.0118538 0.077575 0.44682
7 0.267903 0.0589039 0.610015 0.063178
7 0.203168 0.161354 0.606692 0.0287856
7 0.358573 0.0283914 0.600453 0.0125829
13 0.746976 0.0282869 0.170357 0.05438
13 0.530599 0.00650489 0.0883046 0.374591
7 0.261191 0.211809 0.515354 0.0116457
13 0.653718 0.0714652 0.122326 0.152491
13 0.806743 0.0834786 0.0880846 0.0216936
13 0.803439 0.00967564 0.0513062 0.135579
13 0.835582 0.0220701 0.0777592 0.0645883
13 0.454477 0.0236636 0.363934 0.157926
13 0.685557 0.117244 0.135497 0.0617019
7 0.345911 0.058786 0.48162 0.113683
18 0.415923 0.00877536 0.073664 0.501637
13 0.853407 0.0363472 0.0884275 0.0218178
13 0.550641 0.00528421 0.436355 0.0077192
13 0.586229 0.025945 0.245389 0.142437
13 0.701092 0.0108879 0.0555818 0.232439
7 0.409648 0.0226722 0.558227 0.00945283
13 0.635929 0.0136061 0.335043 0.0154225
13 0.809581 0.0193422 0.161602 0.00947531
13 0.822902 0.0119091 0.134621 0.0305679
13 0.771193 0.0180995 0.157761 0.0529456
13 0.388625 0.230516 0.373514 0.00734539
13 0.890402 0.00240427 0.0582166 0.0489775
13 0.652082 0.101345 0.209957 0.0366162
0 0.277141 0.491858 0.204755 0.0262459
13 0.544713 0.0112656 0.208499 0.235523
13 0.760521 0.00710883 0.205095 0.0272755
13 0.525223 0.179876 0.285148 0.0097527
13 0.806969 0.0489948 0.130444 0.0135921
13 0.690611 0.0281049 0.080936 0.200349
18 0.255635 0.000472316 0.0459049 0.697988
13 0.821261 0.0606255 0.10605 0.0120636
13 0.91312 0.0101349 0.0733637 0.00338116
18 0.174212 0.0116446 0.0858738 0.72827
13 0.832297 0.00418235 0.15308 0.0104399
7 0.290417 0.013633 0.659992 0.0359586
7 0.101853 0.0494024 0.717955 0.130789
13 0.740405 0.0436138 0.20854 0.00744148
7 0.364495 0.0313729 0.505975 0.0981568
13 0.669176 0.00992162 0.0421293 0.278773
13 0.689191 0.0200801 0.101264 0.189465
18 0.382795 0.0235039 0.0331646 0.560536
13 0.436869 0.0327637 0.121927 0.40844
13 0.779734 0.0893543 0.046621 0.0842909
18 0.0425947 0.0017566 0.0771268 0.878522
0 0.228934 0.426715 0.271886 0.072465
18 0.343217 0.00803104 0.148119 0.500633
13 0.597358 0.0203454 0.0848845 0.297412
7 0.278854 0.0689921 0.563893 0.0882608
13 0.474248 0.0088732 0.135908 0.380971
13 0.659705 0.117452 0.21342 0.00942361
18 0.354191 0.0156205 0.0985128 0.531676
7 0.267861 0.0176253 0.610526 0.103988
13 0.80037 0.00747937 0.0722135 0.119938
7 0.333805 0.0380859 0.587916 0.0401933
7 0.135519 0.380968 0.453159 0.0303542
13 0.798407 0.0750728 0.120401 0.00611923
13 0.730115 0.0623062 0.0897268 0.117852
18 0.35555 0.00661281 0.140874 0.496964
13 0.412778 0.289757 0.232012 0.0654527
13 0.399759 0.393244 0.193441 0.0135559
7 0.218626 0.357937 0.407153 0.0162835
7 0.0880296 0.104912 0.774522 0.0325366
18 0.379841 0.0155597 0.0917965 0.512803
13 0.70317 0.0653322 0.191438 0.0400598
18 0.175207 0.0021644 0.0940207 0.728608
13 0.574423 0.0217162 0.399213 0.00464855
13 0.619041 0.00232863 0.0435952 0.335035
0 0.0624788 0.753422 0.18247 0.00162924
13 0.712796 0.0362233 0.212432 0.0385489
0 0.39456 0.4766 0.124543 0.0042963
13 0.673 0.232285 0.0905175 0.00419718
18 0.370215 0.00345992 0.255343 0.370983
0 0.27254 0.44656 0.276089 0.00481155
7 0.0721149 0.0968856 0.64511 0.185889
18 0.108183 0.00126502 0.148782 0.74177
7 0.331012 0.176156 0.428804 0.0640282
13 0.636692 0.032313 0.326509 0.00448551
18 0.36544 0.0207709 0.0485979 0.565191
7 0.193178 0.249808 0.402669 0.154346
13 0.616572 0.0963648 0.0742245 0.212838
13 0.796632 0.0136952 0.0726268 0.117046
13 0.636756 0.0420179 0.107842 0.213384
7 0.151177 0.0402944 0.799602 0.00892612
13 0.530508 0.109622 0.287836 0.072035
18 0.0655275 0.00221438 0.0941743 0.838084
13 0.814224 0.0122898 0.131043 0.0424435
0 0.29413 0.405844 0.297268 0.00275802
13 0.701401 0.112172 0.175823 0.0106044
13 0.556182 0.0730582 0.365836 0.00492469
13 0.679348 0.164795 0.153767 0.00208978
13 0.558566 0.0111868 0.415052 0.0151961
13 0.736382 0.0289738 0.208543 0.0261008
13 0.512847 0.124093 0.303806 0.0592549
13 0.652002 0.0441264 0.291972 0.0118998
18 0.413561 0.0105533 0.120797 0.455089
13 0.628011 0.0464641 0.251883 0.0736422
18 0.0831667 0.00250233 0.0522134 0.862118
13 0.703381 0.0730001 0.133302 0.0903165
13 0.540388 0.0206527 0.39632 0.04264
13 0.877317 0.0101544 0.0830396 0.0294885
18 0.355441 0.00248657 0.0565872 0.585485
7 0.27405 0.0920498 0.48288 0.151021
13 0.831525 0.0154734 0.0925005 0.0605008
13 0.916919 0.0213045 0.0241132 0.0376633
13 0.576921 0.020449 0.355769 0.0468615
13 0.453666 0.299143 0.230673 0.0165181
13 0.748358 0.0281998 0.0274168 0.196025
18 0.112269 0.00702094 0.0674694 0.813241
7 0.122645 0.0407073 0.828727 0.00792083
7 0.24748 0.0097507 0.399052 0.343717
13 0.608723 0.0863312 0.109604 0.195343
13 0.681569 0.0185414 0.277215 0.0226744
7 0.212286 0.0694904 0.636805 0.081418
13 0.561549 0.0382618 0.228129 0.17206
13 0.866506 0.0295239 0.0932093 0.0107604
13 0.789574 0.0125635 0.0520917 0.145771
13 0.461392 0.0779929 0.104005 0.35661
7 0.268326 0.0836713 0.59204 0.0559621
13 0.497371 0.159975 0.336901 0.00575326
13 0.646939 0.0205609 0.293202 0.0392983
13 0.792538 0.0547264 0.142782 0.00995402
13 0.664628 0.00483431 0.0570562 0.273482
13 0.417159 0.183476 0.352245 0.0471207
13 0.887359 0.0157627 0.082065 0.0148136
13 0.770932 0.102601 0.115641 0.0108269
13 0.529367 0.0780174 0.188602 0.204015
7 0.353604 0.24007 0.383028 0.0232976
7 0.459221 0.0736288 0.463433 0.00371748
18 0.309405 0.0107177 0.0316754 0.648202
13 0.822908 0.093998 0.0643552 0.0187385
13 0.648407 0.0442317 0.0741404 0.233221
13 0.673302 0.0120044 0.245275 0.0694194
18 0.441407 0.00191998 0.0613204 0.495353
7 0.201991 0.209965 0.587069 0.000974111
13 0.899603 0.00751336 0.0876865 0.00519703
0 0.104366 0.600632 0.29226 0.002742
7 0.257993 0.0322155 0.532903 0.176889
18 0.0644262 0.0104964 0.086157 0.83892
18 0.165265 0.0270888 0.067625 0.740022
13 0.630127 0.0240889 0.318392 0.0273915
18 0.229515 0.00895439 0.378234 0.383296
7 0.0726092 0.376773 0.535285 0.0153334
18 0.0780128 0.00116834 0.0320188 0.8888
7 0.0821964 0.00494704 0.628903 0.283953
18 0.0414929 0.000306626 0.0682713 0.889929
18 0.0780915 0.00495833 0.023541 0.893409
18 0.0606303 0.0685657 0.0860796 0.784724
13 0.514631 0.0341693 0.101238 0.349962
13 0.777778 0.0163977 0.126103 0.0797218
18 0.36474 0.0350811 0.102017 0.498161
13 0.761926 0.0236982 0.0691209 0.145255
13 0.517227 0.00786375 0.168485 0.306424
18 0.407509 0.0144913 0.0714036 0.506596
18 0.144559 0.00220432 0.183341 0.669895
13 0.485746 0.00524797 0.308107 0.200899
18 0.295797 0.0252743 0.177018 0.50191
18 0.245437 0.00506429 0.0852727 0.664226
18 0.23696 0.0153009 0.0545092 0.69323
18 0.262833 0.00647079 0.0765111 0.654185
13 0.621207 0.0157944 0.121022 0.241977
18 0.349135 0.0168074 0.210754 0.423304
18 0.0873189 0.0289677 0.364051 0.519662
18 0.156423 0.0260239 0.113339 0.704215
18 0.312227 0.0228965 0.183373 0.481504
18 0.131439 0.0044402 0.101208 0.762913
18 0.0400677 0.00114552 0.0274755 0.931311
18 0.215948 0.00315906 0.0886378 0.692255
7 0.272756 0.0419753 0.380671 0.304598
13 0.77743 0.0255529 0.0596305 0.137387
18 0.314091 0.084152 0.11343 0.488327
18 0.038446 0.00368306 0.0576114 0.90026
13 0.577307 0.0146021 0.0711395 0.336951
18 0.107045 0.00457684 0.0551384 0.83324
7 0.134627 0.125462 0.637373 0.102538
18 0.302935 0.00178647 0.146094 0.549184
13 0.455678 0.0137066 0.20591 0.324704
18 0.11792 0.0121938 0.0570162 0.81287
18 0.0906914 0.00877327 0.0925142 0.808021
18 0.253996 0.018695 0.198802 0.528508
18 0.060296 0.00282096 0.0476066 0.889276
18 0.367556 0.00542708 0.0671369 0.55988
18 0.366948 0.0104936 0.124384 0.498174
18 0.136395 0.00084663 0.039925 0.822833
18 0.202609 0.0895058 0.0602462 0.647639
13 0.835182 0.00750168 0.134786 0.0225298
18 0.199463 0.00473612 0.047505 0.748296
18 0.17722 0.00384434 0.176077 0.642858
13 0.455721 0.00477183 0.246664 0.292843
18 0.0324799 0.00344786 0.0237867 0.940286
18 0.165001 0.00426188 0.272977 0.557761
18 0.258976 0.00685482 0.0702582 0.66391
7 0.187171 0.0245152 0.400415 0.387899
0 0.0917264 0.417109 0.412073 0.0790918
7 0.190037 0.198644 0.321329 0.28999
18 0.164765 0.00775929 0.138302 0.689173
18 0.399911 0.0107759 0.0732669 0.516046
18 0.0925697 0.00156076 0.112548 0.793321
18 0.335663 0.131534 0.0885806 0.444223
18 0.0429132 0.0101134 0.106043 0.840931
7 0.24167 0.00714769 0.502252 0.248931
7 0.264978 0.0451437 0.394086 0.295792
18 0.137352 0.0155491 0.196338 0.650761
18 0.0131366 0.00234202 0.0578671 0.926654
0 0.0643735 0.580779 0.334605 0.0202418
7 0.216256 0.160496 0.402186 0.221062
18 0.230533 0.0302144 0.0429612 0.696291
18 0.221682 0.0130552 0.0987595 0.666503
18 0.422259 0.0107325 0.141327 0.425682
18 0.119912 0.00768912 0.0573138 0.815085
18 0.0941506 0.00272643 0.026905 0.876218
13 0.537458 0.0210066 0.145799 0.295736
13 0.75553 0.0123253 0.184598 0.0475466
7 0.0448328 0.0177619 0.8396 0.0978053
18 0.196312 0.00144134 0.0326845 0.769562
18 0.24973 0.017921 0.0688471 0.663502
18 0.176957 0.00455093 0.0332592 0.785233
13 0.501848 0.0255445 0.0960113 0.376596
18 0.292041 0.0106148 0.0810862 0.616257
13 0.43071 0.0921539 0.371195 0.105942
18 0.411479 0.00861293 0.059634 0.520274
13 0.704109 0.0083142 0.20006 0.0875164
18 0.340048 0.016883 0.097102 0.545967
18 0.0839391 0.00191835 0.0280792 0.886063
18 0.111908 0.00190319 0.0565741 0.829614
13 0.476434 0.0401084 0.0596353 0.423823
7 0.145139 0.0632686 0.479274 0.312319
18 0.0244393 0.00356924 0.161897 0.810095
18 0.145617 0.00978739 0.0522403 0.792355
18 0.398705 0.0047605 0.0783218 0.518212
18 0.410922 0.013396 0.115016 0.460667
13 0.777574 0.0593635 0.107197 0.0558657
18 0.112714 0.00247838 0.0147134 0.870095
13 0.704585 0.0212232 0.102718 0.171475
13 0.607298 0.0186783 0.158007 0.216017
7 0.354244 0.0415476 0.43472 0.169488
18 0.247561 0.00869928 0.119429 0.624311
18 0.47697 0.00154662 0.0303074 0.491176
18 0.250081 0.00857934 0.0386949 0.702644
18 0.379733 0.00477582 0.0620665 0.553424
