labels 0 7 13 18
7 0.263962 0.393968 0.217023 0.125047
0 0.782525 0.198068 0.0181685 0.00123833
0 0.650086 0.219618 0.0930218 0.037274
0 0.838413 0.0751616 0.0849662 0.00145934
0 0.542252 0.399354 0.0426517 0.0157427
13 0.341048 0.142571 0.503561 0.0128196
0 0.847217 0.144346 0.00446678 0.00397046
0 0.844829 0.0965961 0.0569506 0.00162411
0 0.848483 0.133703 0.0162067 0.00160769
0 0.401284 0.122592 0.400667 0.0754568
0 0.952476 0.0394678 0.00636113 0.0016949
13 0.280373 0.0844208 0.542426 0.0927795
0 0.838578 0.145503 0.0144161 0.00150315
0 0.395001 0.286192 0.2953 0.0235059
7 0.376349 0.583648 0.0244139 0.0155894
0 0.89458 0.0428081 0.0560079 0.00660357
0 0.730655 0.200251 0.0385325 0.0305617
13 0.260679 0.033206 0.702673 0.00344243
7 0.119599 0.430777 0.403605 0.0460189
0 0.637124 0.339245 0.0151522 0.00847856
0 0.91945 0.0770729 0.00164442 0.00183239
0 0.620937 0.337111 0.0312797 0.0106722
0 0.766828 0.089307 0.139491 0.00437336
0 0.856501 0.067839 0.057582 0.0180781
7 0.124573 0.721848 0.0978655 0.0557136
13 0.345124 0.0599716 0.50383 0.0910746
0 0.878598 0.085543 0.0354987 0.000360265
13 0.0620185 0.172121 0.512589 0.253271
0 0.848655 0.135979 0.0137782 0.00158807
0 0.662346 0.311695 0.0196373 0.00632105
0 0.802968 0.18078 0.00585085 0.0104004
13 0.110055 0.0743589 0.768815 0.0467704
0 0.70214 0.184967 0.0845125 0.0283799
13 0.210876 0.160382 0.569541 0.0592002
0 0.65709 0.211463 0.119685 0.0117617
7 0.371701 0.388629 0.230346 0.00932313
0 0.505455 0.404745 0.0884872 0.00131228
7 0.318914 0.530981 0.095934 0.0541706
0 0.493278 0.196672 0.305585 0.00446538
0 0.834136 0.0986078 0.0174095 0.0498465
13 0.244956 0.107362 0.597318 0.0503634
0 0.889834 0.0849976 0.0177838 0.00738481
0 0.806294 0.133551 0.0585648 0.00158973
0 0.838752 0.112526 0.0419341 0.00678753
0 0.813894 0.162318 0.017458 0.00633042
0 0.665475 0.233403 0.0913989 0.00972326
0 0.941326 0.0565802 0.000969948 0.00112342
0 0.818028 0.139117 0.0283127 0.014542
0 0.82931 0.101655 0.065721 0.00331318
0 0.659731 0.307329 0.027502 0.00543791
0 0.682913 0.284427 0.0244653 0.00819474
0 0.910102 0.0676796 0.0134015 0.00881711
7 0.329662 0.459101 0.198828 0.0124095
13 0.192428 0.0888831 0.710768 0.00792139
0 0.678906 0.191478 0.0955749 0.0340402
0 0.875363 0.114082 0.00779036 0.00276476
0 0.867211 0.0542648 0.0717745 0.00674995
0 0.747632 0.21502 0.036202 0.00114661
7 0.367771 0.579238 0.0305642 0.0224261
0 0.830024 0.106695 0.0603328 0.00294787
13 0.361084 0.212411 0.400245 0.0262601
0 0.940702 0.0458291 0.0117761 0.00169228
0 0.608186 0.129938 0.213571 0.0483061
0 0.983268 0.0126538 0.00215632 0.00192232
0 0.898498 0.0637551 0.0360307 0.00171659
13 0.0644017 0.318029 0.609895 0.00767408
7 0.344258 0.422401 0.201746 0.0315957
0 0.856943 0.0640594 0.0512297 0.0277676
0 0.492747 0.443164 0.0584034 0.00568519
0 0.612441 0.260916 0.0906735 0.0359697
7 0.449742 0.449793 0.0948106 0.0056546
0 0.98828 0.00501209 0.00451657 0.0021909
0 0.939514 0.0401827 0.0147564 0.00554723
0 0.815911 0.169272 0.0111705 0.00364594
0 0.843452 0.076673 0.0794442 0.000430512
0 0.716938 0.272827 0.00993934 0.000295362
0 0.959643 0.034191 0.00516954 0.000996487
0 0.959305 0.0299028 0.00833895 0.0024528
0 0.477514 0.44105 0.0497291 0.031706
0 0.826231 0.155978 0.00939165 0.00839946
0 0.832553 0.160152 0.00619907 0.00109572
0 0.659126 0.24687 0.0888801 0.00512431
13 0.287492 0.200808 0.476924 0.0347758
0 0.666789 0.309533 0.0222078 0.00147001
0 0.947496 0.0488696 0.00189806 0.0017368
7 0.319779 0.382727 0.246545 0.0509485
0 0.869726 0.10259 0.0224062 0.0052778
0 0.963007 0.0338039 0.00261467 0.000574253
0 0.50307 0.385267 0.0994596 0.0122041
0 0.761714 0.168295 0.0566199 0.013371
0 0.8444 0.0602055 0.0928566 0.00253827
0 0.488821 0.172533 0.273885 0.0647607
0 0.761167 0.218773 0.00979208 0.0102672
0 0.754913 0.223827 0.0186831 0.00257671
0 0.82315 0.140061 0.0155752 0.0212138
7 0.378511 0.39747 0.187018 0.0370008
13 0.223034 0.264753 0.4997 0.0125132
0 0.718165 0.202938 0.0647257 0.0141716
0 0.610646 0.355118 0.0280918 0.00614339
0 0.844708 0.105727 0.0354071 0.0141581
7 0.237537 0.720444 0.0370546 0.00496506
0 0.964357 0.0133852 0.0189621 0.00329624
0 0.516158 0.232114 0.245101 0.00662701
13 0.0185555 0.129779 0.794297 0.0573685
7 0.471438 0.47909 0.0305797 0.018892
0 0.810107 0.0612697 0.127396 0.00122705
0 0.911212 0.0870277 0.000600479 0.00116026
7 0.40984 0.477783 0.104958 0.00741974
13 0.0776412 0.33197 0.584686 0.00570215
0 0.663307 0.319271 0.0159581 0.00146355
0 0.730297 0.091289 0.171467 0.00694707
0 0.545886 0.418394 0.0139353 0.0217844
0 0.515482 0.434124 0.0325087 0.0178858
0 0.638528 0.212644 0.045168 0.103659
0 0.831988 0.154799 0.0105466 0.0026661
0 0.744722 0.179592 0.0709611 0.00472439
0 0.684866 0.292164 0.0221277 0.000842473
7 0.262481 0.62582 0.0693906 0.0423089
0 0.982225 0.0160136 0.000250535 0.00151092
0 0.97227 0.0252438 0.00158894 0.000897267
0 0.858267 0.118285 0.0179241 0.00552365
13 0.0401451 0.142826 0.800954 0.0160749
0 0.888646 0.087645 0.0224216 0.00128779
0 0.792662 0.175991 0.0254048 0.00594286
0 0.908818 0.084155 0.00419757 0.00282972
0 0.601589 0.25442 0.118567 0.0254235
0 0.59332 0.389353 0.0166526 0.000674525
13 0.153741 0.22215 0.602707 0.0214028
13 0.0564476 0.085703 0.799495 0.0583543
7 0.376675 0.51717 0.063754 0.042401
7 0.299376 0.325871 0.31387 0.0608833
0 0.966706 0.0202395 0.0126047 0.000450074
0 0.414541 0.208992 0.328647 0.0478192
0 0.941359 0.0515121 0.00334247 0.00378673
0 0.800929 0.0875838 0.0660457 0.0454416
13 0.0787468 0.214836 0.529898 0.176519
0 0.688959 0.233811 0.0746836 0.00254675
0 0.885796 0.11118 0.00165714 0.00136619
0 0.72284 0.251457 0.0218152 0.00388839
0 0.957372 0.035942 0.00504431 0.0016419
7 0.344075 0.465117 0.176198 0.0146097
7 0.250577 0.409852 0.255696 0.0838746
0 0.881727 0.0935124 0.0215498 0.00321099
13 0.120304 0.1867 0.447256 0.24574
0 0.873194 0.109576 0.0108945 0.00633509
0 0.992756 0.00635764 0.000241497 0.000645163
0 0.683951 0.114432 0.149634 0.0519823
0 0.907212 0.0763521 0.0157878 0.000647726
0 0.837113 0.0199222 0.136694 0.00627073
7 0.14824 0.798238 0.0442247 0.00929752
0 0.861541 0.130507 0.00491291 0.00303848
0 0.861708 0.0927308 0.0409826 0.00457859
0 0.472976 0.414935 0.104567 0.00752192
0 0.481133 0.109678 0.404646 0.00454271
13 0.11526 0.239833 0.437027 0.207881
0 0.774957 0.204693 0.0172576 0.00309192
0 0.564516 0.380209 0.0529517 0.0023236
7 0.198916 0.673266 0.10897 0.0188484
0 0.903814 0.086655 0.00551951 0.00401174
13 0.107408 0.188136 0.69734 0.0071157
0 0.563315 0.172856 0.241746 0.0220836
0 0.521033 0.396583 0.0743936 0.00799023
0 0.704675 0.232681 0.056185 0.00645954
0 0.892889 0.0662963 0.0335523 0.00726234
0 0.836576 0.161452 0.00127096 0.000701008
7 0.00876616 0.918306 0.0690918 0.00383597
0 0.584407 0.171968 0.222499 0.0211262
0 0.81951 0.143225 0.0286972 0.00856835
13 0.117004 0.262382 0.618013 0.0026015
13 0.0402822 0.395735 0.538782 0.0252005
0 0.954368 0.0438261 0.000538708 0.00126721
0 0.682649 0.189839 0.126467 0.00104499
0 0.621564 0.185619 0.172505 0.0203129
13 0.0790812 0.257732 0.472365 0.190821
0 0.743484 0.199092 0.0508429 0.00658034
0 0.496773 0.40757 0.0706855 0.0249708
0 0.648873 0.216631 0.104943 0.0295529
0 0.986654 0.0128015 0.000490424 5.42882e-05
0 0.64673 0.298238 0.0479938 0.00703827
7 0.213273 0.631554 0.149562 0.00561057
0 0.419872 0.399626 0.0762944 0.104208
0 0.76296 0.164662 0.0693484 0.00302992
0 0.518575 0.273588 0.182574 0.0252625
13 0.319447 0.304715 0.357306 0.0185312
0 0.665118 0.326763 0.00358408 0.00453549
13 0.122707 0.400499 0.439166 0.0376279
0 0.763461 0.22648 0.00236638 0.00769187
0 0.948606 0.0379116 0.00868201 0.00480051
0 0.789381 0.180861 0.0196569 0.0101016
0 0.813363 0.111267 0.0741897 0.0011804
13 0.235305 0.0680396 0.689831 0.0068249
13 0.0275244 0.152143 0.756856 0.0634769
13 0.186393 0.206714 0.416881 0.190012
0 0.915813 0.0707668 0.00753354 0.00588654
13 0.25416 0.287948 0.388755 0.0691371
0 0.625286 0.360284 0.0136491 0.000781103
18 0.210559 0.0681701 0.269362 0.451909
0 0.819274 0.131749 0.0355562 0.0134204
0 0.90505 0.0841043 0.00823119 0.00261439
7 0.417575 0.473423 0.10104 0.0079615
13 0.255286 0.185481 0.492217 0.0670162
0 0.566146 0.236076 0.174432 0.0233463
0 0.572094 0.224749 0.151186 0.0519706
13 0.316006 0.0731091 0.410827 0.200058
0 0.797426 0.141763 0.0544855 0.00632585
0 0.891622 0.099892 0.00799679 0.000489585
13 0.218198 0.090052 0.356451 0.3353
0 0.497652 0.33724 0.153058 0.0120492
0 0.935309 0.0569844 0.00336642 0.00433996
0 0.626585 0.238903 0.106741 0.0277713
0 0.837333 0.0742048 0.0876597 0.00080206
7 0.371238 0.45139 0.105762 0.0716098
0 0.7198 0.124621 0.153629 0.00195018
0 0.370372 0.241507 0.316876 0.0712458
0 0.919029 0.0768006 0.00177103 0.00239947
0 0.949471 0.0409335 0.00736956 0.00222594
0 0.959819 0.0379137 0.00180637 0.000461366
13 0.0109691 0.0543471 0.53923 0.395453
0 0.965321 0.0222588 0.0118592 0.000561222
0 0.994806 0.00111707 0.000212102 0.00386494
0 0.344329 0.196456 0.198191 0.261024
7 0.328038 0.485247 0.175132 0.0115833
7 0.186838 0.676816 0.124913 0.011433
7 0.0367709 0.743999 0.2174 0.00183003
7 0.236319 0.681926 0.0760891 0.00566532
13 0.0395962 0.249957 0.366085 0.344362
18 0.00395093 0.0137491 0.0292162 0.953084
7 0.308408 0.524128 0.0978109 0.0696532
7 0.0835899 0.749354 0.106601 0.0604547
7 0.0815268 0.505593 0.316598 0.0962823
7 0.0164413 0.857971 0.0967916 0.0287963
0 0.436332 0.153198 0.396356 0.0141146
7 0.0346476 0.430137 0.423623 0.111593
7 0.0744505 0.844791 0.0471564 0.0336017
7 0.12963 0.524695 0.193828 0.151848
7 0.0021957 0.881879 0.0796332 0.0362917
7 0.0466882 0.710142 0.16714 0.0760306
0 0.618631 0.110003 0.269108 0.00225795
7 0.116759 0.764347 0.111678 0.00721614
7 0.0680585 0.424857 0.20892 0.298164
0 0.36122 0.205281 0.251991 0.181509
7 0.0623662 0.473913 0.437677 0.0260435
13 0.355655 0.20938 0.42603 0.00893476
13 0.0036608 0.198222 0.501138 0.296979
7 0.0294482 0.830825 0.136658 0.00306833
7 0.0370444 0.651125 0.241547 0.0702835
13 0.023086 0.353918 0.620661 0.00233508
7 0.115011 0.551702 0.281957 0.0513305
18 0.0223196 0.183423 0.229673 0.564584
7 0.0291893 0.741699 0.218741 0.0103706
7 0.0755182 0.550599 0.362732 0.0111512
7 0.075449 0.853437 0.0689308 0.00218277
7 0.0181122 0.872069 0.098945 0.0108743
0 0.788059 0.170276 0.0392457 0.00241931
13 0.02698 0.321217 0.496375 0.155428
7 0.087711 0.796151 0.0960245 0.0201131
7 0.107791 0.655392 0.192839 0.0439774
13 0.0899308 0.236416 0.665923 0.00773041
13 0.21668 0.30293 0.431184 0.0492053
7 0.00854255 0.650969 0.289813 0.0506757
7 0.0135538 0.559385 0.32663 0.100431
7 0.10353 0.82352 0.0561076 0.0168424
0 0.6317 0.215727 0.148328 0.00424531
7 0.0345622 0.861305 0.0926616 0.0114717
7 0.041268 0.79383 0.137014 0.0278878
7 0.0755058 0.699106 0.0546583 0.17073
7 0.0608543 0.876607 0.0539711 0.00856772
7 0.0494261 0.922151 0.0189685 0.00945477
0 0.398904 0.365334 0.196625 0.0391371
13 0.012841 0.227042 0.643919 0.116198
7 0.0766235 0.456962 0.449144 0.0172703
0 0.899386 0.0976753 0.000845061 0.00209333
13 0.0397294 0.235455 0.6877 0.0371152
7 0.302806 0.579244 0.0870536 0.0308958
7 0.27523 0.576152 0.111158 0.0374602
7 0.0350802 0.741611 0.20978 0.0135284
7 0.214675 0.656984 0.114159 0.0141826
7 0.0151002 0.503134 0.216916 0.264849
7 0.0654216 0.649178 0.281796 0.00360358
7 0.0169058 0.620237 0.349477 0.0133795
7 0.0241886 0.963596 0.00833446 0.00388141
13 0.0124963 0.127093 0.85629 0.00412089
13 0.0220624 0.476486 0.492252 0.00919933
7 0.0513931 0.35141 0.28756 0.309637
13 0.0390598 0.304574 0.466299 0.190067
13 0.00300227 0.352505 0.50332 0.141173
13 0.166277 0.154706 0.645234 0.033782
7 0.0461401 0.567095 0.33586 0.0509056
7 0.0466494 0.771148 0.153612 0.0285903
7 0.247813 0.445393 0.275553 0.0312404
7 0.0689836 0.88791 0.0408936 0.00221329
13 0.0410383 0.151824 0.690808 0.11633
7 0.22548 0.745518 0.0173905 0.0116118
13 0.05445 0.203019 0.72681 0.0157204
7 0.0461695 0.644216 0.256068 0.0535471
13 0.200242 0.320215 0.447139 0.0324031
7 0.27675 0.403059 0.300543 0.0196478
13 0.21962 0.256266 0.498981 0.0251327
7 0.0670506 0.842669 0.0774332 0.0128471
7 0.00515205 0.701061 0.289618 0.00416829
7 0.0248409 0.818236 0.140991 0.0159321
7 0.138147 0.660133 0.196778 0.00494277
7 0.0645672 0.909711 0.0214437 0.00427771
7 0.260588 0.667675 0.0437624 0.0279748
18 0.022168 0.288964 0.335041 0.353827
7 0.0223068 0.792381 0.154201 0.0311108
7 0.195967 0.796678 0.00660757 0.000746954
13 0.0715581 0.435388 0.452368 0.0406858
7 0.0633292 0.870114 0.0603481 0.00620866
7 0.24623 0.409578 0.315078 0.0291142
18 0.0135334 0.340495 0.249355 0.396617
7 0.0673436 0.894688 0.0356264 0.00234165
7 0.411394 0.570604 0.00588669 0.0121148
7 0.107684 0.831252 0.0380291 0.0230355
13 0.0125903 0.210228 0.674423 0.102759
7 0.0619189 0.863736 0.0565288 0.0178162
7 0.018853 0.963413 0.00911151 0.00862299
7 0.141594 0.426573 0.41427 0.0175641
7 0.00886985 0.859629 0.112892 0.0186094
7 0.120457 0.692025 0.0978772 0.089641
7 0.0143359 0.929677 0.0389623 0.0170246
0 0.597519 0.318977 0.0625069 0.0209972
7 0.143765 0.790573 0.0509828 0.0146791
7 0.314427 0.403103 0.276732 0.00573689
13 0.11168 0.0998722 0.767489 0.0209582
0 0.353125 0.298751 0.331014 0.0171096
7 0.431066 0.54414 0.0185153 0.00627844
7 0.465519 0.490246 0.0392496 0.00498551
7 0.0715539 0.50559 0.417758 0.00509825
7 0.371937 0.42277 0.187479 0.0178135
13 0.137419 0.0592603 0.721738 0.0815832
0 0.730359 0.234235 0.0240889 0.0113166
7 0.0809603 0.757132 0.118579 0.0433292
13 0.0107772 0.155207 0.599966 0.234049
13 0.0315735 0.355993 0.603552 0.0088824
0 0.443514 0.407457 0.0843658 0.0646631
7 0.406302 0.535802 0.0439256 0.0139707
7 0.119228 0.740172 0.125201 0.0153988
7 0.236466 0.702883 0.0488169 0.0118335
0 0.598668 0.0914644 0.28948 0.0203877
0 0.630099 0.359813 0.00603667 0.00405043
13 0.0754191 0.343073 0.569348 0.0121598
13 0.108981 0.229881 0.650665 0.0104733
13 0.055732 0.185048 0.512068 0.247152
7 0.147849 0.579073 0.208331 0.0647471
7 0.195862 0.757986 0.0438944 0.00225744
7 0.23011 0.420024 0.177508 0.172357
13 0.0184854 0.335183 0.372977 0.273354
7 0.257367 0.665442 0.0719475 0.005244
7 0.154101 0.707441 0.111036 0.0274221
7 0.0509002 0.807394 0.107252 0.0344531
7 0.0126521 0.95167 0.0148415 0.0208368
13 0.115726 0.165443 0.59428 0.124551
7 0.0860515 0.769615 0.132911 0.0114228
7 0.0114366 0.593731 0.293912 0.10092
7 0.0223594 0.804454 0.102343 0.0708438
7 0.00969943 0.651491 0.171429 0.167381
0 0.749792 0.222163 0.0231717 0.00487305
7 0.0552147 0.89537 0.0353395 0.0140757
7 0.0315706 0.744394 0.0964143 0.127621
0 0.783197 0.194307 0.0108144 0.0116818
18 0.00667489 0.202531 0.0447272 0.746067
0 0.564629 0.326257 0.100536 0.00857819
7 0.040823 0.896878 0.0367881 0.0255113
7 0.079137 0.811198 0.0937778 0.0158873
7 0.0522209 0.759677 0.186476 0.00162559
7 0.142028 0.655754 0.117139 0.0850786
7 0.126893 0.807556 0.0578813 0.00766952
7 0.0422549 0.511428 0.111839 0.334479
7 0.0319241 0.514192 0.328743 0.125141
7 0.0122955 0.547234 0.400944 0.0395262
7 0.00275217 0.885294 0.0952975 0.0166565
7 0.184854 0.484124 0.250764 0.080258
7 0.275007 0.473088 0.248504 0.00340115
7 0.273569 0.358541 0.331004 0.0368867
13 0.0564065 0.411068 0.50858 0.0239456
7 0.0723963 0.715697 0.189246 0.0226602
7 0.0701451 0.789602 0.127225 0.0130276
0 0.403465 0.333492 0.25362 0.0094237
18 0.00973452 0.237225 0.155627 0.597413
13 0.138703 0.28503 0.528853 0.0474141
7 0.0205202 0.877395 0.0905384 0.0115466
7 0.224988 0.519716 0.238384 0.0169114
7 0.0299435 0.961551 0.00414858 0.00435679
7 0.0177684 0.959659 0.013421 0.00915174
7 0.108793 0.725843 0.124356 0.0410078
18 0.00535738 0.137981 0.120253 0.736408
0 0.853108 0.0494769 0.0914015 0.00601318
7 0.412465 0.559428 0.023794 0.00431298
7 0.147632 0.545147 0.108002 0.19922
7 0.0162228 0.78805 0.160707 0.0350203
0 0.59697 0.339087 0.0617403 0.00220235
0 0.501796 0.446179 0.0492123 0.00281271
7 0.357384 0.414017 0.223585 0.00501439
7 0.101291 0.436701 0.408989 0.0530198
7 0.0889804 0.75852 0.133244 0.019256
0 0.809724 0.186626 0.00255967 0.00109047
7 0.0645194 0.877809 0.0283931 0.0292785
7 0.037076 0.60566 0.342309 0.0149553
18 0.0182733 0.336455 0.111492 0.533779
7 0.34853 0.596459 0.0219179 0.033093
7 0.164229 0.700631 0.123097 0.0120433
7 0.19367 0.769156 0.0209054 0.0162687
7 0.0244115 0.471157 0.313854 0.190577
7 0.0185312 0.918946 0.0365266 0.0259961
7 0.00200676 0.863925 0.120813 0.0132553
0 0.665181 0.269056 0.0640413 0.00172248
7 0.0159134 0.796676 0.0808712 0.106539
13 0.0268908 0.380666 0.525154 0.0672887
7 0.0450397 0.802255 0.0936159 0.059089
7 0.0531381 0.660692 0.25066 0.0355099
18 0.0235465 0.249955 0.118251 0.608248
0 0.685867 0.279509 0.0295233 0.00510072
7 0.0234395 0.440569 0.276194 0.259797
13 0.0181291 0.239552 0.599013 0.143306
7 0.136105 0.460074 0.325887 0.0779332
7 0.0450007 0.51459 0.264917 0.175492
7 0.042742 0.814211 0.121646 0.0214002
7 0.361425 0.575725 0.0353203 0.0275305
7 0.0951646 0.869449 0.0208629 0.0145231
0 0.81058 0.0960069 0.0874532 0.00595978
13 0.0175932 0.234142 0.739932 0.00833245
7 0.205617 0.669675 0.119349 0.00535893
7 0.353022 0.563093 0.0552169 0.028668
7 0.0149835 0.922964 0.0304907 0.0315619
7 0.0406909 0.634482 0.0889984 0.235829
7 0.211835 0.758218 0.011128 0.0188187
7 0.483827 0.509493 0.00411388 0.00256611
0 0.688154 0.26585 0.0367666 0.00922926
7 0.30894 0.625119 0.046997 0.0189436
13 0.0148875 0.294844 0.573773 0.116495
7 0.0470442 0.748676 0.124602 0.0796778
13 0.120293 0.304324 0.551731 0.0236521
7 0.125237 0.592268 0.249883 0.0326124
7 0.0157887 0.547556 0.408397 0.0282588
7 0.0601274 0.650619 0.282405 0.00684827
7 0.290181 0.698453 0.00636673 0.00499999
7 0.0206788 0.943698 0.0200404 0.0155833
18 0.0863071 0.316781 0.155838 0.441075
13 0.287309 0.22965 0.391557 0.0914835
7 0.351806 0.551403 0.0903082 0.0064826
7 0.0672538 0.731254 0.0744553 0.127037
0 0.68652 0.250053 0.0589367 0.00449105
7 0.309775 0.576187 0.102195 0.0118436
13 0.361667 0.158282 0.433968 0.0460819
13 0.0694517 0.368895 0.518767 0.0428864
7 0.39752 0.581938 0.0150249 0.00551692
7 0.0444044 0.682894 0.245487 0.0272144
13 0.323669 0.234642 0.416795 0.0248952
18 0.0220994 0.27977 0.279283 0.418848
7 0.303315 0.507762 0.185786 0.00313652
13 0.108631 0.176423 0.592633 0.122314
7 0.0149364 0.665316 0.284929 0.0348184
0 0.497598 0.0884113 0.407812 0.0061791
7 0.0870104 0.457638 0.448122 0.00722937
7 0.0131122 0.763252 0.192104 0.0315322
13 0.0561729 0.243739 0.625814 0.074275
13 0.0222082 0.198345 0.644727 0.13472
7 0.118602 0.452801 0.42549 0.00310629
7 0.0215586 0.82662 0.103524 0.0482971
13 0.096511 0.395504 0.432478 0.0755076
7 0.0707187 0.596088 0.211633 0.12156
7 0.054596 0.623206 0.261857 0.0603416
7 0.03631 0.863937 0.0833211 0.016432
7 0.00696545 0.937656 0.0502451 0.00513319
13 0.00963616 0.367676 0.597943 0.0247439
13 0.30752 0.142216 0.5325 0.0177636
13 0.022643 0.212853 0.711801 0.0527027
0 0.609505 0.335896 0.0130152 0.0415832
13 0.0134197 0.120314 0.753378 0.112888
7 0.342511 0.56288 0.0797715 0.0148373
13 0.0243618 0.0616952 0.833008 0.080935
0 0.425638 0.380387 0.1657 0.0282751
7 0.0486819 0.549438 0.329309 0.0725706
0 0.53726 0.450291 0.00512965 0.00731942
13 0.0416762 0.209645 0.537446 0.211233
13 0.0140399 0.0477156 0.662392 0.275853
7 0.201215 0.554231 0.222798 0.0217559
7 0.220991 0.744608 0.0262716 0.00812949
13 0.0484909 0.286746 0.652576 0.0121877
18 0.00365504 0.0684147 0.0472058 0.880724
7 0.0644127 0.652816 0.280498 0.00227378
7 0.0973248 0.563038 0.330801 0.00883586
7 0.212694 0.6392 0.114363 0.0337428
7 0.0201291 0.539951 0.378675 0.0612445
13 0.196997 0.302082 0.495402 0.00551974
13 0.0541882 0.380974 0.439922 0.124916
0 0.492447 0.2778 0.204461 0.0252922
7 0.0379738 0.871193 0.0757458 0.015087
7 0.00542806 0.907854 0.0567291 0.0299893
7 0.164106 0.601494 0.193472 0.0409273
7 0.0403768 0.844751 0.0973314 0.0175406
18 0.0191188 0.0982471 0.332762 0.549872
7 0.115901 0.806296 0.0602212 0.0175816
7 0.0584168 0.506077 0.344454 0.0910521
7 0.0648595 0.569372 0.357946 0.00782239
7 0.00745224 0.91073 0.0792328 0.00258537
18 0.00188525 0.102491 0.261249 0.634375
7 0.14892 0.771509 0.0599513 0.0196197
18 0.00877254 0.274717 0.340302 0.376209
7 0.0269038 0.671524 0.283653 0.0179188
13 0.132492 0.204177 0.599939 0.0633929
18 0.0104622 0.122303 0.149662 0.717573
13 0.0371958 0.119458 0.634812 0.208535
7 0.010326 0.819656 0.167224 0.00279392
13 0.0116389 0.118713 0.784745 0.0849029
7 0.129011 0.636564 0.210748 0.0236776
7 0.0460802 0.495276 0.443976 0.0146673
13 0.0104526 0.345409 0.630079 0.0140594
13 0.0891503 0.110039 0.776762 0.0240489
0 0.328803 0.319585 0.279639 0.0719729
7 0.331507 0.586466 0.0689256 0.0131018
7 0.0538954 0.479742 0.239185 0.227178
7 0.102303 0.830824 0.0509494 0.0159244
13 0.0157008 0.371479 0.599591 0.0132298
18 0.0037401 0.14286 0.420446 0.432954
7 0.425221 0.426071 0.116856 0.0318521
13 0.00823328 0.249029 0.409991 0.332747
7 0.0139195 0.88751 0.0916724 0.00689843
7 0.0187509 0.931621 0.028753 0.0208751
0 0.502782 0.436334 0.0210909 0.039793
7 0.217742 0.726887 0.039986 0.015385
0 0.581483 0.225609 0.180569 0.0123392
18 0.0339183 0.135816 0.13532 0.694946
7 0.00802179 0.899483 0.089105 0.00339015
7 0.0916982 0.485172 0.301205 0.121926
7 0.407661 0.430315 0.159189 0.00283505
7 0.0482953 0.750935 0.0520975 0.148672
13 0.0436999 0.234603 0.537217 0.18448
7 0.040746 0.517384 0.427336 0.0145347
7 0.0901123 0.513601 0.378305 0.0179818
18 0.0131894 0.155543 0.222525 0.608743
7 0.314751 0.503963 0.155474 0.0258119
7 0.297202 0.654944 0.0277408 0.020113
7 0.121676 0.668333 0.203827 0.00616369
7 0.00596383 0.926356 0.0488343 0.0188457
7 0.234065 0.75094 0.010203 0.00479142
7 0.0277794 0.594433 0.371578 0.00620906
7 0.0325457 0.844726 0.0497937 0.0729347
7 0.0309338 0.482249 0.415481 0.0713364
18 0.00312539 0.0278664 0.0483818 0.920626
7 0.298683 0.434309 0.229323 0.0376849
18 0.00844376 0.234186 0.216555 0.540816
13 0.0618967 0.348074 0.415185 0.174844
7 0.0299434 0.852319 0.0750464 0.0426915
13 0.111583 0.331407 0.35072 0.20629
7 0.215393 0.659804 0.0856695 0.039134
7 0.226624 0.7502 0.010365 0.0128112
13 0.208578 0.286099 0.424289 0.0810345
7 0.0129785 0.597094 0.388131 0.00179629
13 0.0298804 0.276437 0.632071 0.0616115
7 0.141826 0.595708 0.233161 0.0293048
13 0.0177417 0.0951584 0.658703 0.228397
0 0.663888 0.243491 0.086184 0.00643694
7 0.0427371 0.499167 0.451741 0.00635485
0 0.539229 0.25812 0.197462 0.00518905
7 0.017057 0.774893 0.191061 0.0169885
13 0.0549832 0.0509177 0.745804 0.148296
7 0.12471 0.49084 0.324848 0.0596016
13 0.0278258 0.179817 0.726765 0.0655916
13 0.00759468 0.0611707 0.901852 0.0293829
13 0.10299 0.196816 0.68329 0.0169043
13 0.0670041 0.0387573 0.866125 0.028114
13 0.0233284 0.100524 0.742102 0.134045
13 0.015825 0.107396 0.834864 0.0419152
13 0.194308 0.280341 0.52068 0.00467149
13 0.0131642 0.269705 0.418536 0.298595
18 0.077369 0.184277 0.269641 0.468712
13 0.0916643 0.095464 0.764341 0.0485306
13 0.00507208 0.0690152 0.573593 0.35232
13 0.0154037 0.193015 0.785281 0.0063005
13 0.0819647 0.22779 0.428469 0.261776
13 0.0074805 0.0453392 0.60034 0.34684
13 0.1029 0.350093 0.518134 0.0288731
13 0.0130809 0.215058 0.729576 0.0422854
18 0.0595735 0.15462 0.382978 0.402828
0 0.493766 0.0817787 0.396204 0.0282511
13 0.0116969 0.359423 0.575826 0.053054
13 0.00845267 0.142727 0.554946 0.293874
13 0.0861036 0.194258 0.512737 0.206902
13 0.0866302 0.118168 0.66979 0.125412
13 0.0392266 0.236911 0.711698 0.0121652
13 0.232654 0.078355 0.670416 0.0185747
13 0.124741 0.146531 0.52288 0.205849
13 0.0081581 0.141793 0.626972 0.223077
13 0.00954525 0.239073 0.740574 0.0108076
13 0.00697151 0.0733145 0.876237 0.0434775
13 0.019068 0.270736 0.392179 0.318017
13 0.039142 0.132845 0.800929 0.0270849
13 0.0593979 0.189469 0.387336 0.363797
7 0.222542 0.579835 0.182253 0.0153698
0 0.538432 0.385078 0.0759807 0.000509179
13 0.0137602 0.13276 0.783634 0.0698462
18 0.017217 0.279047 0.154088 0.549648
13 0.0187586 0.249615 0.597759 0.133868
13 0.032648 0.43311 0.508656 0.0255859
13 0.00561434 0.0750242 0.490618 0.428744
13 0.043069 0.283679 0.636505 0.0367475
13 0.0408632 0.0662252 0.890253 0.00265846
7 0.0207937 0.53968 0.427237 0.0122894
13 0.236847 0.268772 0.490712 0.00366934
13 0.0355323 0.214834 0.673029 0.0766052
13 0.00844934 0.158384 0.629365 0.203802
13 0.174956 0.32689 0.496345 0.00180914
7 0.12224 0.560572 0.309066 0.00812278
13 0.0229732 0.341655 0.627965 0.00740679
13 0.00789877 0.0699172 0.729672 0.192512
18 0.0119736 0.0785396 0.310703 0.598784
13 0.00591639 0.304308 0.674153 0.0156226
0 0.432549 0.314883 0.193577 0.0589914
18 0.0311641 0.177786 0.258772 0.532278
18 0.0213901 0.204874 0.327052 0.446684
13 0.00578959 0.444079 0.513596 0.0365362
13 0.0665749 0.118682 0.734137 0.0806065
18 0.0221179 0.223862 0.314464 0.439556
13 0.136465 0.164761 0.55899 0.139784
13 0.00787743 0.101778 0.822671 0.0676729
13 0.0729435 0.0708891 0.810017 0.0461505
13 0.101065 0.19088 0.633484 0.0745706
13 0.0246719 0.19464 0.717135 0.0635531
13 0.0203899 0.155388 0.788637 0.0355851
18 0.0172585 0.274192 0.224487 0.484063
13 0.0157397 0.170852 0.809443 0.00396509
13 0.0824896 0.201747 0.681217 0.0345458
13 0.00337306 0.17604 0.803265 0.0173216
13 0.0220869 0.163046 0.488042 0.326826
7 0.0142423 0.79469 0.176582 0.0144864
18 0.00365326 0.0784756 0.107749 0.810122
7 0.042285 0.586171 0.363833 0.00771195
13 0.29917 0.207607 0.481976 0.0112472
7 0.0257957 0.481887 0.427633 0.0646845
13 0.249923 0.153155 0.586871 0.0100517
18 0.0079338 0.119176 0.21336 0.659529
7 0.185546 0.664602 0.139485 0.0103677
7 0.0697933 0.652578 0.239932 0.037697
13 0.0294419 0.146305 0.818701 0.00555277
13 0.132221 0.376341 0.461773 0.0296658
7 0.0129336 0.78865 0.192641 0.00577527
0 0.373691 0.283759 0.336317 0.00623344
13 0.15956 0.125269 0.688143 0.027028
13 0.144996 0.167211 0.632372 0.0554203
18 0.0147396 0.180419 0.24844 0.556401
7 0.0183252 0.590676 0.378388 0.0126113
13 0.00946966 0.0631289 0.571557 0.355845
13 0.261274 0.347896 0.362185 0.0286454
13 0.09659 0.130546 0.689805 0.0830585
13 0.0675997 0.184762 0.503318 0.24432
7 0.00780135 0.627142 0.32776 0.0372967
7 0.0856388 0.485335 0.305738 0.123288
7 0.00963555 0.556325 0.302445 0.131594
13 0.036133 0.11674 0.828127 0.0190006
13 0.201731 0.191731 0.593174 0.0133638
13 0.014773 0.269714 0.571305 0.144207
13 0.0061749 0.0965051 0.482298 0.415022
7 0.0766662 0.767531 0.0994229 0.0563802
13 0.0256646 0.16336 0.804244 0.0067319
13 0.0126312 0.126448 0.847066 0.0138554
13 0.255368 0.354025 0.37029 0.0203177
13 0.253143 0.148524 0.591849 0.00648411
13 0.103891 0.317959 0.573446 0.00470453
13 0.0591524 0.193665 0.452864 0.294319
13 0.0194082 0.0810429 0.872686 0.0268634
18 0.0446495 0.0497848 0.109173 0.796392
18 0.00923384 0.18297 0.238779 0.569017
13 0.0595413 0.152636 0.761284 0.0265382
18 0.00323 0.078806 0.243351 0.674613
13 0.104167 0.193721 0.678179 0.0239321
13 0.132001 0.375279 0.488103 0.0046167
13 0.0204159 0.0776178 0.840812 0.0611548
13 0.258542 0.240562 0.488206 0.0126902
7 0.00390848 0.376591 0.290101 0.3294
0 0.515401 0.477944 0.00375872 0.00289693
7 0.0305491 0.737541 0.227638 0.00427172
7 0.0608507 0.908235 0.0278568 0.00305709
13 0.182087 0.144643 0.529287 0.143983
7 0.0093197 0.782983 0.195006 0.0126909
13 0.378969 0.135669 0.426842 0.0585207
13 0.102278 0.230487 0.594895 0.0723399
7 0.147904 0.473863 0.277185 0.101047
13 0.00571778 0.251153 0.612932 0.130198
7 0.0211881 0.697703 0.247184 0.0339243
13 0.0152276 0.0386177 0.892668 0.0534863
13 0.0378021 0.057935 0.797168 0.107095
13 0.011892 0.131412 0.817913 0.0387832
13 0.0281976 0.243059 0.674022 0.0547216
0 0.388327 0.343214 0.261508 0.0069504
7 0.111036 0.354663 0.350995 0.183307
13 0.0473167 0.0961404 0.716247 0.140296
13 0.111037 0.107612 0.577556 0.203794
0 0.446283 0.305314 0.207457 0.0409451
13 0.0342279 0.127715 0.826395 0.0116628
13 0.143079 0.113308 0.73726 0.00635348
13 0.0149599 0.188019 0.708655 0.0883655
13 0.0680155 0.235162 0.609679 0.0871434
13 0.0357494 0.206894 0.558232 0.199124
13 0.0805367 0.0949782 0.76553 0.0589547
7 0.042559 0.439825 0.429239 0.0883765
13 0.00550009 0.0755391 0.796695 0.122266
13 0.0800606 0.152597 0.730435 0.0369078
18 0.0189227 0.103448 0.414247 0.463382
13 0.0605743 0.164809 0.561289 0.213328
13 0.0363359 0.105709 0.565569 0.292386
18 0.00800473 0.101844 0.40116 0.488992
7 0.199222 0.428555 0.362673 0.00954922
13 0.00697043 0.099916 0.770239 0.122875
7 0.224924 0.383789 0.373577 0.0177093
13 0.124269 0.139825 0.702967 0.0329388
13 0.0502521 0.455907 0.485533 0.00830781
13 0.0169858 0.100665 0.817297 0.0650524
13 0.014005 0.402304 0.566407 0.0172838
13 0.0599745 0.0438658 0.823486 0.0726733
13 0.00397748 0.13373 0.75244 0.109852
13 0.120264 0.287543 0.527528 0.0646645
13 0.0235582 0.29716 0.662762 0.0165198
18 0.0147463 0.0359945 0.468362 0.480897
13 0.285543 0.0932322 0.600564 0.0206611
13 0.140023 0.37887 0.458566 0.022541
18 0.0338857 0.245898 0.305926 0.41429
13 0.131617 0.131278 0.607717 0.129389
13 0.00401165 0.473058 0.49293 0.0300005
0 0.43388 0.230814 0.260404 0.0749021
13 0.0930903 0.189933 0.712091 0.00488551
0 0.682885 0.224147 0.0819977 0.010971
7 0.0331837 0.434882 0.411373 0.120561
13 0.0310775 0.426356 0.476141 0.0664249
13 0.19675 0.144784 0.385931 0.272535
13 0.0190222 0.202339 0.755423 0.0232158
18 0.00333249 0.183623 0.130721 0.682324
13 0.197672 0.133908 0.614757 0.0536626
13 0.0270428 0.330674 0.63384 0.00844276
7 0.185613 0.416604 0.383173 0.0146096
13 0.0343966 0.150229 0.79114 0.0242347
13 0.15283 0.119299 0.629022 0.0988493
13 0.0301587 0.196113 0.767345 0.00638382
13 0.0292256 0.155607 0.778762 0.0364057
13 0.0540559 0.264857 0.671548 0.00953927
13 0.30331 0.175757 0.479354 0.0415795
7 0.00688491 0.424191 0.423564 0.145361
13 0.0118076 0.052452 0.912686 0.0230547
7 0.203986 0.396668 0.381638 0.017708
18 0.0166605 0.175457 0.217611 0.590272
7 0.0201735 0.444787 0.189176 0.345863
0 0.450431 0.190836 0.204932 0.1538
13 0.0140057 0.211721 0.594228 0.180045
13 0.0205518 0.335121 0.4746 0.169727
7 0.0186294 0.500497 0.410286 0.0705881
13 0.0656648 0.185886 0.620072 0.128377
13 0.0271001 0.145557 0.763499 0.0638438
18 0.0263493 0.0912774 0.188937 0.693436
13 0.0699229 0.114751 0.756053 0.0592725
13 0.0506978 0.368101 0.57551 0.00569155
13 0.0503026 0.237123 0.703361 0.00921283
7 0.0910754 0.539857 0.317835 0.0512329
13 0.244489 0.137473 0.609649 0.0083895
13 0.0068304 0.165714 0.761649 0.0658065
13 0.0559983 0.253272 0.554402 0.136327
13 0.105777 0.079853 0.771525 0.0428447
7 0.034189 0.555779 0.312786 0.0972459
13 0.0611099 0.221804 0.540932 0.176154
13 0.255604 0.128555 0.610698 0.0051424
7 0.00965614 0.398894 0.257361 0.334089
13 0.199607 0.217674 0.301353 0.281365
13 0.133853 0.145991 0.712562 0.00759335
13 0.0980522 0.402466 0.494026 0.00545598
7 0.0383668 0.73168 0.201 0.0289534
13 0.0913536 0.212479 0.62387 0.0722975
13 0.0257656 0.382181 0.543276 0.0487777
13 0.0345473 0.136394 0.55415 0.274909
13 0.086549 0.258525 0.329356 0.325571
13 0.0159489 0.212977 0.541025 0.230049
13 0.0382356 0.323253 0.627591 0.0109207
0 0.533671 0.151362 0.190328 0.124638
13 0.0160438 0.249452 0.513549 0.220954
18 0.00520112 0.231301 0.340859 0.422639
7 0.0348492 0.391382 0.380526 0.193242
0 0.669533 0.155397 0.150598 0.0244715
18 0.0216387 0.407802 0.103949 0.46661
13 0.0187311 0.167552 0.748391 0.0653254
13 0.0151217 0.126079 0.787906 0.0708931
0 0.345131 0.315532 0.313949 0.0253886
13 0.0180249 0.148218 0.713747 0.120009
13 0.0514404 0.233478 0.549813 0.165269
7 0.175179 0.444298 0.353715 0.0268077
13 0.0677092 0.0975756 0.800097 0.0346184
13 0.0299412 0.123081 0.717043 0.129934
13 0.232354 0.313398 0.421348 0.0329004
13 0.0606337 0.0995993 0.833192 0.0065749
13 0.265482 0.302887 0.314816 0.116816
18 0.0217448 0.0428494 0.327559 0.607847
13 0.014251 0.26771 0.664414 0.0536247
13 0.0531503 0.0373975 0.500449 0.409004
13 0.19827 0.28872 0.451076 0.061935
13 0.0613353 0.248131 0.63637 0.0541642
18 0.0178209 0.0495369 0.173075 0.759568
18 0.00152619 0.059704 0.129637 0.809133
7 0.0825426 0.599217 0.17027 0.14797
7 0.0439321 0.479689 0.474149 0.00223057
13 0.00789588 0.197092 0.506899 0.288112
13 0.00997417 0.0882767 0.878471 0.0232785
18 0.011425 0.0541672 0.440006 0.494402
13 0.00660672 0.101237 0.676775 0.215382
13 0.0124733 0.355044 0.554997 0.0774857
13 0.396044 0.149267 0.437825 0.0168635
13 0.0681385 0.18071 0.681708 0.0694428
7 0.0217029 0.560242 0.399704 0.0183513
13 0.0102308 0.0388216 0.792047 0.158901
7 0.0271187 0.538142 0.430752 0.00398815
13 0.16761 0.127098 0.580556 0.124737
0 0.459743 0.408181 0.0991067 0.0329692
13 0.00927639 0.0712816 0.718299 0.201143
7 0.0115846 0.727883 0.199641 0.0608912
7 0.00320322 0.488901 0.481737 0.0261591
18 0.0142173 0.0645929 0.287703 0.633487
7 0.0150186 0.710868 0.173946 0.100168
18 0.00321853 0.0536726 0.0827428 0.860366
13 0.0475251 0.160561 0.750596 0.0413175
13 0.0752926 0.0888123 0.57291 0.262985
13 0.349412 0.133643 0.502636 0.0143091
13 0.0703315 0.279364 0.377075 0.273229
13 0.1055 0.147787 0.506889 0.239824
13 0.00658378 0.0449352 0.916833 0.0316479
7 0.121759 0.673355 0.192804 0.0120822
18 0.00248077 0.192495 0.202964 0.60206
13 0.0124379 0.067303 0.845255 0.0750045
13 0.00336628 0.0474451 0.871426 0.0777625
13 0.21011 0.182181 0.589932 0.0177771
13 0.10783 0.27618 0.528333 0.0876564
13 0.0269497 0.266626 0.68325 0.0231735
0 0.506201 0.130246 0.349273 0.0142798
13 0.0296366 0.0710984 0.881411 0.0178539
13 0.225449 0.287931 0.479684 0.00693663
13 0.0440517 0.0913992 0.784956 0.0795937
7 0.0945042 0.836479 0.0637289 0.005288
13 0.0421438 0.330983 0.359015 0.267858
13 0.0346629 0.440885 0.514045 0.0104068
13 0.0133382 0.158528 0.81957 0.00856413
7 0.0795988 0.765162 0.132318 0.0229218
7 0.171553 0.502583 0.316055 0.00980871
13 0.0179909 0.0439595 0.922743 0.0153067
13 0.0109994 0.0755293 0.688868 0.224604
13 0.0323191 0.238476 0.625242 0.103963
7 0.187643 0.637016 0.169786 0.00555416
13 0.0552951 0.0934204 0.733823 0.117461
18 0.0129264 0.0310679 0.320982 0.635024
7 0.0728401 0.621803 0.289146 0.0162111
18 0.0320512 0.0704034 0.167783 0.729762
18 0.0584629 0.134533 0.193545 0.61346
13 0.10365 0.218947 0.504876 0.172527
13 0.0152813 0.0607867 0.603025 0.320907
13 0.0248908 0.0751827 0.8711 0.0288263
0 0.519955 0.244524 0.227149 0.00837211
7 0.196827 0.500264 0.289039 0.0138706
13 0.00582189 0.35295 0.434537 0.20669
7 0.0163459 0.774397 0.205116 0.00414108
13 0.0164666 0.0779347 0.507661 0.397938
18 0.0439044 0.0389013 0.207407 0.709787
13 0.18438 0.115261 0.627084 0.0732749
13 0.0404848 0.306812 0.507086 0.145618
18 0.00401785 0.0216013 0.406794 0.567587
13 0.116495 0.0993689 0.553207 0.230929
7 0.0637392 0.361399 0.349082 0.22578
7 0.053933 0.711385 0.22322 0.0114615
13 0.0875313 0.355429 0.44915 0.107889
13 0.160573 0.102523 0.716425 0.020478
13 0.0818779 0.273454 0.537679 0.106989
18 0.00768423 0.0545566 0.0965325 0.841227
18 0.0188352 0.203239 0.203358 0.574568
13 0.0426612 0.173248 0.487806 0.296285
18 0.00400345 0.0212165 0.468679 0.506102
0 0.67328 0.175467 0.136386 0.0148673
13 0.0265237 0.0428587 0.848543 0.0820744
18 0.0511048 0.0150061 0.162884 0.771005
13 0.0139665 0.0930106 0.743138 0.149885
13 0.00605552 0.0434813 0.890978 0.0594851
18 0.0221978 0.0366278 0.205636 0.735539
13 0.0589791 0.075402 0.814206 0.0514125
7 0.0376846 0.405182 0.333812 0.223321
7 0.489829 0.501665 0.0034715 0.00503509
7 0.220401 0.490196 0.216676 0.072728
13 0.0110068 0.398791 0.585765 0.00443749
13 0.326563 0.11873 0.513758 0.0409495
13 0.0629613 0.0456496 0.888434 0.00295467
18 0.0225516 0.147192 0.403635 0.426622
13 0.0578577 0.26907 0.540577 0.132495
13 0.0178219 0.253422 0.425832 0.302924
13 0.0393465 0.0783191 0.854943 0.0273917
18 0.0331156 0.145426 0.394186 0.427273
18 0.0213328 0.118051 0.288519 0.572098
13 0.206336 0.197508 0.575275 0.0208816
18 0.00608343 0.0930997 0.0575589 0.843258
18 0.0167997 0.15663 0.412632 0.413939
18 0.010399 0.177655 0.358247 0.4537
13 0.0565473 0.149046 0.557417 0.23699
18 0.0101923 0.0716879 0.147646 0.770474
18 0.00997788 0.320127 0.268267 0.401628
18 0.00173944 0.0311451 0.101372 0.865743
13 0.0254306 0.299053 0.617875 0.0576412
18 0.00623839 0.0967989 0.0618369 0.835126
13 0.0462448 0.143166 0.446428 0.364161
7 0.0193543 0.678219 0.191105 0.111321
18 0.0158093 0.132588 0.257457 0.594146
18 0.0181772 0.0792075 0.0726991 0.829916
18 0.0015714 0.131825 0.0554868 0.811117
18 0.00138477 0.0344305 0.185808 0.778377
13 0.0147705 0.23608 0.458809 0.290341
18 0.0611542 0.269349 0.208038 0.461459
13 0.183096 0.289289 0.418295 0.109319
18 0.0407776 0.109683 0.183667 0.665872
7 0.0283167 0.357411 0.300551 0.313721
13 0.0307599 0.169347 0.591323 0.20857
18 0.023063 0.097592 0.335349 0.543996
7 0.105143 0.47799 0.193429 0.223438
18 0.00895869 0.0364663 0.225594 0.728981
18 0.0849604 0.234577 0.226807 0.453656
18 0.0237709 0.0212495 0.282442 0.672538
13 0.0356205 0.268622 0.399585 0.296172
7 0.00786845 0.463978 0.140014 0.388139
18 0.00964064 0.0480298 0.425591 0.516739
18 0.00356215 0.0644248 0.280249 0.651764
13 0.0066225 0.289723 0.567889 0.135765
18 0.0278926 0.118867 0.163184 0.690056
18 0.0079071 0.0761338 0.219858 0.696101
18 0.00860247 0.055283 0.113883 0.822231
7 0.0518157 0.385639 0.326103 0.236442
13 0.336262 0.293872 0.342599 0.0272679
18 0.0224593 0.0379527 0.117147 0.822441
18 0.0071393 0.0444265 0.189589 0.758845
13 0.00372833 0.0631359 0.544702 0.388434
18 0.00549585 0.0855111 0.0885295 0.820464
18 0.00274706 0.0271157 0.3335 0.636637
18 0.0279533 0.185173 0.213588 0.573285
18 0.0193047 0.0371391 0.266667 0.676889
13 0.0103496 0.0646564 0.569035 0.355959
18 0.0285588 0.12453 0.228552 0.618359
18 0.0117133 0.26341 0.195307 0.529569
18 0.00165399 0.0825847 0.0770179 0.838743
18 0.00230704 0.168201 0.279111 0.55038
7 0.0126831 0.365836 0.285187 0.336294
18 0.00271458 0.0628284 0.104767 0.82969
7 0.091216 0.757508 0.0556259 0.09565
18 0.00297614 0.258353 0.167811 0.57086
18 0.00709191 0.00812009 0.123783 0.861005
18 0.00462564 0.0613288 0.178356 0.755689
18 0.00153253 0.0299293 0.0403944 0.928144
13 0.00847284 0.0516171 0.493289 0.446622
18 0.0045107 0.0502998 0.0372185 0.907971
13 0.0118649 0.374289 0.436661 0.177185
13 0.098265 0.130964 0.685722 0.0850485
18 0.00197836 0.0783066 0.0753391 0.844376
18 0.0105962 0.0304383 0.126952 0.832014
18 0.00335293 0.148975 0.116456 0.731216
18 0.00280645 0.0822255 0.0871402 0.827828
18 0.00459788 0.0161938 0.0835901 0.895618
18 0.0645097 0.165349 0.133185 0.636956
18 0.0192045 0.164391 0.12352 0.692884
13 0.10676 0.10704 0.644913 0.141287
18 0.00706046 0.0295506 0.186971 0.776418
18 0.000782211 0.0375022 0.0957217 0.865994
18 0.00347017 0.0867723 0.132332 0.777425
18 0.00581259 0.303983 0.254319 0.435886
18 0.00775063 0.0223939 0.042912 0.926944
18 0.0545983 0.394439 0.128655 0.422307
18 0.000696349 0.0140922 0.0309463 0.954265
13 0.0981726 0.230218 0.518515 0.153094
7 0.186126 0.415305 0.307129 0.0914398
18 0.0252602 0.0689425 0.377892 0.527905
18 0.0025773 0.0269529 0.0492828 0.921187
0 0.610179 0.28035 0.0809074 0.0285644
13 0.0173945 0.275151 0.362628 0.344827
18 0.000645599 0.130198 0.144211 0.724945
18 0.0172404 0.312292 0.245159 0.425308
13 0.0254305 0.261035 0.589267 0.124267
18 0.00202397 0.0573137 0.0782529 0.862409
18 0.00426011 0.0364661 0.328696 0.630577
18 0.000792856 0.111399 0.206747 0.68106
18 0.0217242 0.132391 0.299529 0.546356
18 0.0112331 0.0624671 0.0493994 0.8769
18 0.0105379 0.158029 0.412587 0.418846
18 0.00945054 0.0997576 0.296886 0.593905
18 0.00253021 0.0331075 0.0265155 0.937847
13 0.0101986 0.0539636 0.59043 0.345408
18 0.00113503 0.0365639 0.326482 0.635819
18 0.00915957 0.0679034 0.292675 0.630262
18 0.00320683 0.0315586 0.0696093 0.895625
13 0.0354094 0.101519 0.645693 0.217379
13 0.00510277 0.218018 0.535444 0.241435
13 0.0314053 0.087982 0.802954 0.0776585
18 0.00568334 0.024731 0.0179029 0.951683
18 0.00318633 0.0292619 0.326762 0.64079
18 0.0111941 0.0435528 0.350587 0.594666
18 0.00813714 0.0180952 0.133647 0.840121
18 0.0162939 0.0668613 0.0472622 0.869583
18 0.00554557 0.0494957 0.101008 0.84395
