labels 0 7 13 18
13 0.364776 0.21259 0.416636 0.00599788
13 0.337986 0.192483 0.41041 0.0591203
0 0.996218 0.00329889 0.000454009 2.95126e-05
0 0.801825 0.0923566 0.0564081 0.0494108
13 0.0796698 0.358396 0.503202 0.0587321
0 0.571628 0.317035 0.107927 0.00340961
0 0.953761 0.0176848 0.0283856 0.000168507
0 0.864192 0.0853386 0.0373031 0.0131665
0 0.831778 0.063879 0.100807 0.00353598
18 0.0284699 0.0992639 0.350174 0.522092
0 0.919752 0.0622517 0.0105946 0.00740141
7 0.270695 0.698737 0.0288767 0.00169132
0 0.943368 0.0293495 0.0182024 0.0090797
0 0.823395 0.153059 0.0232621 0.000283209
13 0.0705796 0.148467 0.683591 0.0973633
7 0.0702915 0.538798 0.107802 0.283109
13 0.319011 0.30699 0.372809 0.00118986
0 0.925928 0.0301609 0.0388681 0.00504321
0 0.976844 0.0189705 0.00407815 0.000107074
0 0.813123 0.0820771 0.0951993 0.00960047
0 0.533543 0.446676 0.0180003 0.00178062
0 0.951144 0.0455484 0.00162073 0.00168703
0 0.797328 0.0394031 0.14512 0.0181489
0 0.684543 0.0653097 0.246126 0.00402173
7 0.0736553 0.831468 0.0326645 0.0622121
0 0.829755 0.0891787 0.0239958 0.0570707
0 0.963819 0.016126 0.0196496 0.00040538
0 0.377919 0.340701 0.232308 0.0490727
7 0.0908318 0.461698 0.445887 0.00158321
0 0.467417 0.330368 0.171729 0.030486
0 0.664601 0.109208 0.21764 0.0085519
13 0.154408 0.162842 0.542487 0.140263
0 0.491121 0.218758 0.288107 0.00201311
18 0.0329676 0.0593526 0.430573 0.477107
0 0.727972 0.172373 0.0800457 0.0196094
0 0.78034 0.186423 0.0300965 0.00314018
0 0.436461 0.160187 0.398086 0.00526574
13 0.173485 0.175769 0.63376 0.0169859
0 0.971366 0.0251063 0.00129529 0.00223242
0 0.943833 0.0446876 0.00971584 0.00176391
0 0.6354 0.323937 0.0183841 0.0222793
0 0.787196 0.0146313 0.177847 0.0203254
0 0.909852 0.0875534 0.00220755 0.000386595
13 0.0606832 0.269244 0.467915 0.202157
0 0.92613 0.0339601 0.033212 0.00669813
7 0.156594 0.653213 0.187516 0.00267722
13 0.369526 0.074597 0.44094 0.114936
0 0.590591 0.116452 0.111348 0.181609
0 0.884085 0.0542342 0.00992882 0.051752
0 0.795214 0.127113 0.0756618 0.00201095
13 0.0608481 0.342303 0.418061 0.178787
0 0.646308 0.144751 0.181593 0.0273482
7 0.249989 0.66586 0.0711998 0.0129509
0 0.953264 0.0437136 0.00291867 0.000104039
0 0.875559 0.0907502 0.0328077 0.00088297
0 0.47178 0.155498 0.366691 0.00603049
7 0.423338 0.511438 0.0622934 0.00293044
0 0.417983 0.312328 0.180408 0.0892813
0 0.977248 0.0178701 0.00331555 0.00156624
0 0.717255 0.138479 0.141088 0.00317781
0 0.775687 0.207764 0.0121176 0.00443118
0 0.955866 0.0373377 0.00551209 0.00128377
0 0.8242 0.0980086 0.0772374 0.0005542
7 0.141682 0.328437 0.217333 0.312548
13 0.111235 0.0917001 0.767627 0.0294386
0 0.453328 0.171234 0.221617 0.153821
0 0.439117 0.387803 0.153369 0.0197112
7 0.0147229 0.668007 0.304025 0.0132448
13 0.173032 0.257794 0.562614 0.00655993
0 0.652231 0.308648 0.0375539 0.00156758
0 0.708162 0.252379 0.0178361 0.0216226
0 0.887315 0.0466592 0.0654987 0.000527522
7 0.181944 0.424394 0.337149 0.0565125
18 0.16402 0.145389 0.157134 0.533458
0 0.775058 0.0199475 0.154589 0.0504055
0 0.943257 0.0428243 0.0024779 0.0114405
0 0.764711 0.179129 0.0394173 0.0167429
0 0.329258 0.311048 0.320113 0.0395814
0 0.824695 0.143844 0.020527 0.0109342
0 0.730492 0.235016 0.0271609 0.00733123
0 0.973462 0.012446 0.0124492 0.00164311
0 0.965782 0.0241852 0.00970277 0.000330412
0 0.652448 0.133393 0.136707 0.0774528
0 0.996251 0.00325763 0.000257338 0.000233666
0 0.851835 0.0679093 0.0736866 0.00656908
0 0.970723 0.0233305 0.0047534 0.00119277
0 0.543325 0.261701 0.182984 0.0119909
13 0.278216 0.233619 0.481572 0.00659295
0 0.816187 0.164535 0.0120938 0.00718379
13 0.208004 0.142509 0.605522 0.0439648
0 0.546572 0.113384 0.323037 0.0170068
0 0.93283 0.0534767 0.00884305 0.00485063
7 0.342468 0.404865 0.190171 0.0624966
0 0.624225 0.165984 0.20703 0.00276087
0 0.967813 0.0267654 0.00503806 0.000383399
7 0.125866 0.486941 0.358519 0.0286739
7 0.384585 0.545849 0.0672485 0.00231774
0 0.722646 0.263608 0.00743417 0.00631104
0 0.732907 0.257724 0.00843441 0.000935089
13 0.225839 0.345928 0.423237 0.00499547
0 0.480892 0.417529 0.0891106 0.0124687
0 0.714486 0.269976 0.00977277 0.00576552
0 0.582241 0.118791 0.0882565 0.210711
13 0.0663272 0.149919 0.776629 0.00712422
13 0.0976034 0.199784 0.493507 0.209105
0 0.585462 0.36618 0.046024 0.00233436
0 0.978855 0.0149543 0.00547505 0.000715629
0 0.90907 0.0742888 0.0146514 0.00198947
0 0.599193 0.354005 0.039356 0.00744666
13 0.323697 0.0949532 0.437147 0.144202
7 0.350231 0.363728 0.232202 0.0538388
0 0.554839 0.383782 0.0522586 0.00912112
0 0.671491 0.0611859 0.212355 0.0549674
13 0.203539 0.112692 0.673377 0.0103922
7 0.274888 0.617945 0.0921365 0.0150305
7 0.0572495 0.734648 0.0556545 0.152448
0 0.797747 0.129098 0.045003 0.0281521
0 0.883686 0.0941353 0.0216293 0.000549531
0 0.655529 0.100107 0.225788 0.0185755
0 0.911402 0.0155811 0.0604093 0.0126072
0 0.386124 0.240155 0.334711 0.0390102
0 0.880327 0.0875238 0.00699111 0.0251579
0 0.777029 0.0620848 0.154427 0.00645929
0 0.784589 0.172 0.0348203 0.00859008
0 0.643179 0.304332 0.0520648 0.000424585
0 0.875111 0.0649289 0.0558601 0.00409966
0 0.543365 0.368252 0.0326895 0.0556941
0 0.45043 0.262102 0.06439 0.223079
0 0.512495 0.306383 0.159376 0.021746
0 0.860436 0.103424 0.0360012 0.000139014
0 0.594772 0.373788 0.030575 0.000864589
0 0.786538 0.112525 0.0992171 0.00171977
0 0.860312 0.081824 0.0565739 0.00129034
7 0.193104 0.745116 0.0582551 0.00352478
0 0.638359 0.330152 0.015036 0.0164533
7 0.115337 0.799795 0.0823592 0.00250869
0 0.731602 0.0499348 0.209437 0.00902675
0 0.739257 0.0929916 0.0395867 0.128164
0 0.793441 0.162993 0.0352229 0.0083433
0 0.963025 0.0208744 0.00687524 0.00922568
0 0.706814 0.239116 0.0401864 0.0138832
0 0.990888 0.00881332 0.000257669 4.08034e-05
7 0.191078 0.437843 0.363946 0.00713311
0 0.941634 0.0447836 0.00938568 0.00419638
0 0.808121 0.13625 0.0507297 0.00489955
0 0.919581 0.0756575 0.00316602 0.00159586
0 0.913874 0.0641835 0.0200533 0.00188885
0 0.565111 0.236928 0.173503 0.0244581
0 0.632794 0.234841 0.0561268 0.0762377
0 0.607279 0.190792 0.169879 0.0320489
0 0.458899 0.100075 0.254829 0.186196
7 0.0729876 0.852555 0.0699961 0.00446148
0 0.717832 0.153569 0.121706 0.00689307
0 0.84951 0.0555333 0.091932 0.00302458
7 0.0856991 0.844201 0.0260315 0.0440688
0 0.496614 0.14568 0.335094 0.0226119
0 0.761762 0.13248 0.0755389 0.0302187
7 0.331911 0.462588 0.196411 0.00908924
0 0.945815 0.0334802 0.016094 0.00461102
0 0.447832 0.280619 0.269435 0.00211468
0 0.830781 0.163566 0.00267314 0.00298023
7 0.262791 0.548682 0.187897 0.000630255
0 0.990827 0.00751541 0.00157636 8.16851e-05
0 0.780479 0.196808 0.018387 0.00432609
0 0.907749 0.0752743 0.0143136 0.00266335
0 0.501997 0.325594 0.156346 0.0160635
0 0.552432 0.264243 0.177485 0.00584056
7 0.191857 0.424776 0.192242 0.191125
0 0.875681 0.0366413 0.0586338 0.0290438
0 0.763245 0.0917355 0.130771 0.0142487
7 0.188522 0.764197 0.0343498 0.0129308
7 0.483749 0.496812 0.0111154 0.00832306
0 0.798099 0.192372 0.00819639 0.00133266
0 0.529037 0.245657 0.21408 0.0112267
7 0.240208 0.650397 0.0985148 0.0108798
13 0.279005 0.0989578 0.611975 0.0100617
0 0.733006 0.10318 0.158469 0.00534452
0 0.47246 0.228232 0.283613 0.015696
0 0.605028 0.211506 0.182512 0.000954919
0 0.458107 0.11286 0.40982 0.0192127
0 0.948191 0.0446121 0.00665075 0.000545737
13 0.342579 0.208082 0.425037 0.0243015
0 0.85927 0.126111 0.0134109 0.00120832
0 0.767224 0.0934786 0.110092 0.0292057
0 0.967364 0.0211438 0.00979497 0.00169748
7 0.320074 0.592777 0.0767191 0.0104294
13 0.230715 0.173026 0.542972 0.0532871
0 0.972236 0.0194504 0.0067349 0.00157862
7 0.229133 0.521512 0.241928 0.0074272
0 0.513384 0.420771 0.0490165 0.0168286
0 0.60967 0.235785 0.134872 0.019673
7 0.0247314 0.922809 0.040983 0.011477
0 0.838312 0.0111289 0.148308 0.00225159
0 0.402956 0.21109 0.356812 0.0291415
13 0.25219 0.149623 0.447171 0.151016
0 0.871586 0.101762 0.0105207 0.0161313
18 0.0910343 0.183117 0.325806 0.400043
7 0.0674962 0.742066 0.186153 0.00428401
7 0.391836 0.550516 0.0353982 0.0222499
0 0.4874 0.392962 0.111415 0.00822293
0 0.91305 0.0800658 0.00422342 0.00266126
0 0.898117 0.0517535 0.0433993 0.00673068
0 0.524018 0.049867 0.242363 0.183753
0 0.80099 0.190131 0.00759628 0.00128275
0 0.752924 0.22987 0.00552143 0.0116838
13 0.208877 0.388702 0.391463 0.0109581
7 0.196528 0.653286 0.149276 0.000910577
0 0.888889 0.0798183 0.0167075 0.0145853
13 0.0534352 0.410514 0.529776 0.00627529
0 0.967679 0.0154311 0.00453179 0.0123579
0 0.595382 0.0728714 0.0494497 0.282297
0 0.884255 0.112826 0.0018549 0.00106388
0 0.406884 0.253716 0.227466 0.111934
7 0.310777 0.431822 0.225246 0.0321549
0 0.516161 0.135056 0.114142 0.234641
0 0.898871 0.0931359 0.00739383 0.000599191
0 0.809619 0.162027 0.0123083 0.0160456
0 0.945918 0.0360393 0.0129547 0.00508761
0 0.466124 0.131352 0.313555 0.0889686
0 0.496667 0.454962 0.0240098 0.0243619
7 0.0402458 0.877966 0.0597182 0.02207
0 0.646719 0.121011 0.230776 0.00149409
7 0.0980605 0.733499 0.139857 0.0285837
7 0.0889706 0.363559 0.264193 0.283278
7 0.0674104 0.832557 0.0692856 0.0307471
7 0.00492776 0.380491 0.261658 0.352923
7 0.192092 0.769317 0.0340841 0.00450636
0 0.543212 0.0542347 0.325423 0.0771301
7 0.0314595 0.488211 0.323802 0.156527
13 0.0530602 0.357073 0.571342 0.0185249
7 0.0397377 0.688692 0.101217 0.170353
7 0.0510299 0.764948 0.182826 0.00119615
7 0.0756227 0.539471 0.371426 0.0134802
0 0.512668 0.368177 0.100529 0.0186257
13 0.419263 0.0921033 0.44804 0.0405938
13 0.0277309 0.169498 0.533425 0.269347
7 0.32788 0.502711 0.167397 0.00201189
7 0.0476715 0.875304 0.075882 0.00114231
13 0.331812 0.0238932 0.63196 0.0123356
7 0.0963295 0.429947 0.234498 0.239226
7 0.185085 0.569722 0.240275 0.0049177
0 0.636049 0.127638 0.189578 0.0467347
7 0.010307 0.923579 0.0435236 0.0225904
18 0.0365496 0.316152 0.212478 0.434821
7 0.0490547 0.795862 0.0655027 0.0895803
7 0.119983 0.715654 0.129476 0.0348872
7 0.0393456 0.645292 0.202258 0.113105
7 0.242063 0.660053 0.0853493 0.0125354
7 0.259029 0.626026 0.0956407 0.0193047
7 0.0135292 0.412861 0.261538 0.312071
7 0.00334018 0.952113 0.0361675 0.00837907
7 0.0446084 0.872757 0.082029 0.000605816
18 0.00920307 0.241985 0.31221 0.436602
18 0.0034539 0.221733 0.149198 0.625615
7 0.0335279 0.877539 0.0563623 0.0325708
7 0.469789 0.479347 0.0374547 0.0134092
18 0.00578242 0.400267 0.0922551 0.501695
13 0.275697 0.323123 0.361056 0.0401231
7 0.205706 0.593096 0.182439 0.0187584
7 0.0148528 0.750394 0.189974 0.0447789
13 0.0277592 0.355978 0.592166 0.0240964
7 0.0145051 0.802221 0.157347 0.0259272
7 0.361525 0.49895 0.115141 0.0243842
13 0.00687921 0.22216 0.696436 0.0745249
0 0.482304 0.288437 0.0418213 0.187438
7 0.142228 0.80096 0.0522238 0.00458826
13 0.00912613 0.113081 0.751097 0.126696
7 0.0495461 0.828806 0.104521 0.0171266
7 0.00718461 0.718134 0.155005 0.119676
0 0.645797 0.277451 0.0741083 0.00264329
7 0.127298 0.511605 0.346235 0.0148623
7 0.0281036 0.596817 0.32879 0.0462887
7 0.0143401 0.719573 0.0860229 0.180064
7 0.016298 0.709138 0.197109 0.0774551
13 0.0497 0.154294 0.677393 0.118613
7 0.100023 0.721084 0.108543 0.0703506
7 0.128401 0.777206 0.0719118 0.0224808
18 0.0342231 0.17269 0.229385 0.563702
18 0.00457718 0.401319 0.171733 0.422371
7 0.0404157 0.742167 0.214029 0.00338833
13 0.0560085 0.029442 0.744373 0.170176
7 0.0593554 0.880526 0.0573418 0.00277689
7 0.0141594 0.718553 0.245607 0.0216806
7 0.0522808 0.860256 0.0844522 0.00301064
18 0.000703595 0.205026 0.0394943 0.754776
7 0.0501434 0.908923 0.037569 0.00336501
13 0.0496876 0.190536 0.60389 0.155887
18 0.0172508 0.351214 0.27066 0.360875
7 0.136708 0.545331 0.266314 0.051647
7 0.0691071 0.570188 0.103035 0.25767
13 0.0532178 0.324128 0.360836 0.261818
13 0.292889 0.264186 0.419587 0.0233385
7 0.0187712 0.932046 0.0360158 0.0131671
13 0.0330448 0.386648 0.455471 0.124836
13 0.0744472 0.263276 0.479488 0.182789
7 0.0508496 0.459091 0.375074 0.114985
7 0.0539921 0.413693 0.33745 0.194865
7 0.261599 0.488489 0.150851 0.0990614
7 0.178039 0.429622 0.233068 0.159272
7 0.0127651 0.671305 0.295996 0.0199337
13 0.0089561 0.139276 0.85012 0.00164864
13 0.0231421 0.225355 0.715964 0.0355385
7 0.0179167 0.525939 0.0752085 0.380935
7 0.031536 0.709379 0.258545 0.000539866
13 0.0139751 0.302063 0.627893 0.0560687
13 0.0405369 0.320862 0.579445 0.0591559
7 0.113445 0.50343 0.346175 0.0369505
7 0.0290241 0.645238 0.308093 0.0176449
13 0.0862722 0.261982 0.558935 0.0928101
7 0.0795805 0.851048 0.0410983 0.0282733
18 0.0161239 0.140213 0.316966 0.526697
7 0.209664 0.526024 0.16818 0.0961319
7 0.209683 0.563786 0.199649 0.0268818
7 0.0586722 0.521211 0.390996 0.0291207
18 0.0969177 0.286759 0.180178 0.436145
0 0.654486 0.326708 0.0135803 0.00522603
0 0.477428 0.278429 0.238804 0.00533838
13 0.0511588 0.355605 0.564922 0.028314
7 0.0884393 0.448189 0.410555 0.052817
0 0.525845 0.121677 0.308823 0.0436557
0 0.905032 0.0351327 0.0588957 0.000939238
18 0.0178476 0.115139 0.189117 0.677897
0 0.528333 0.426425 0.0447602 0.000481905
7 0.0526993 0.700941 0.203104 0.0432557
7 0.0667881 0.820525 0.0647499 0.0479368
7 0.134143 0.772872 0.051857 0.0411283
13 0.00889026 0.116106 0.801461 0.0735428
0 0.387657 0.315053 0.138901 0.158389
7 0.0543443 0.795972 0.14828 0.001403
7 0.0137166 0.855797 0.0975822 0.0329037
13 0.0549225 0.219306 0.596931 0.128841
13 0.00761081 0.221648 0.762435 0.00830594
7 0.027056 0.576922 0.154207 0.241816
7 0.181194 0.483565 0.0832623 0.251979
7 0.0149334 0.711357 0.268346 0.00536311
13 0.0184849 0.401681 0.490344 0.0894902
7 0.00612702 0.726002 0.256929 0.0109419
7 0.0928694 0.780703 0.102513 0.023915
0 0.681518 0.234465 0.0615611 0.0224559
7 0.0461309 0.78677 0.0462118 0.120887
0 0.744375 0.200692 0.0266617 0.0282712
7 0.0353886 0.707663 0.158976 0.0979731
0 0.502426 0.2361 0.251223 0.0102502
13 0.32332 0.275031 0.38544 0.0162091
0 0.902037 0.083156 0.0116464 0.00316048
18 0.0180414 0.253158 0.345581 0.38322
7 0.0525831 0.700078 0.207668 0.039671
13 0.279674 0.18014 0.537138 0.00304817
13 0.0492285 0.389967 0.547779 0.013026
7 0.13819 0.685896 0.129475 0.046439
7 0.0122659 0.946613 0.0394757 0.00164588
7 0.138338 0.764234 0.058167 0.0392609
18 0.0244504 0.208359 0.226585 0.540606
7 0.118425 0.562937 0.251642 0.0669966
18 0.00758353 0.0979225 0.0555264 0.838968
13 0.231754 0.117893 0.502943 0.14741
7 0.0840508 0.878531 0.0355329 0.00188537
7 0.286884 0.60863 0.0879198 0.0165658
0 0.493647 0.419125 0.0840179 0.00321101
7 0.0745892 0.562098 0.337706 0.0256064
7 0.00218514 0.963298 0.032847 0.00167016
0 0.444991 0.130655 0.279338 0.145015
13 0.0988666 0.245003 0.636002 0.0201286
7 0.0818179 0.882687 0.0312127 0.00428207
7 0.113825 0.615431 0.209099 0.0616456
7 0.305175 0.616207 0.0694539 0.00916478
0 0.739613 0.207025 0.0470187 0.00634295
7 0.0454181 0.765639 0.108182 0.080761
0 0.53419 0.255288 0.204866 0.00565548
7 0.0116525 0.533638 0.181781 0.272928
18 0.0122641 0.134424 0.349578 0.503733
13 0.0386946 0.391954 0.500614 0.0687383
7 0.0474388 0.786551 0.105164 0.0608463
7 0.167693 0.814513 0.00576767 0.012026
7 0.0630054 0.45685 0.246451 0.233694
7 0.0276223 0.612621 0.32605 0.0337062
7 0.115181 0.655355 0.219893 0.00957156
7 0.119176 0.721914 0.132812 0.0260976
7 0.00495217 0.959544 0.0331853 0.00231872
7 0.0118009 0.930194 0.0571952 0.000809957
0 0.962314 0.0266307 0.0104363 0.000619277
7 0.0106623 0.468104 0.0831261 0.438108
7 0.0578761 0.572348 0.366812 0.00296396
18 0.0256385 0.368073 0.149156 0.457132
13 0.140866 0.195499 0.571913 0.0917223
7 0.0511314 0.713181 0.225107 0.0105812
7 0.0409812 0.758508 0.171212 0.0292992
7 0.0265884 0.628176 0.234444 0.110792
7 0.0747557 0.76209 0.0900465 0.0731074
7 0.000970649 0.824935 0.171216 0.0028784
18 0.0351325 0.107493 0.192099 0.665276
7 0.205636 0.701239 0.0821846 0.0109406
7 0.168589 0.776196 0.0373301 0.0178846
7 0.25103 0.605606 0.129621 0.013743
13 0.321553 0.249494 0.399588 0.029365
7 0.153576 0.651865 0.160646 0.0339122
7 0.316164 0.455714 0.163668 0.0644547
7 0.0547367 0.554384 0.345137 0.0457422
7 0.0311525 0.838801 0.0884607 0.0415855
13 0.0588924 0.167166 0.716048 0.0578934
7 0.166799 0.681587 0.13254 0.0190741
7 0.202884 0.572862 0.220735 0.00351936
7 0.0830596 0.762716 0.138611 0.0156138
7 0.111726 0.741831 0.143267 0.00317579
7 0.0391753 0.755188 0.169451 0.0361856
7 0.00996107 0.455801 0.0819499 0.452288
7 0.0160445 0.653013 0.31676 0.0141818
7 0.0399621 0.891044 0.063833 0.00516083
7 0.0105613 0.528857 0.0488927 0.411689
7 0.0130316 0.812314 0.0445124 0.130142
7 0.159918 0.561915 0.256079 0.0220885
13 0.103839 0.283207 0.525147 0.0878073
18 0.00236142 0.321553 0.249855 0.426231
7 0.122836 0.775768 0.0862989 0.015097
7 0.03614 0.548876 0.401595 0.0133892
0 0.459178 0.327161 0.194904 0.0187564
13 0.263752 0.198021 0.428257 0.109969
7 0.0892264 0.645851 0.182506 0.0824164
7 0.0090616 0.588929 0.381055 0.0209547
7 0.249231 0.617605 0.115976 0.0171884
13 0.232245 0.27723 0.472729 0.0177959
7 0.05695 0.830967 0.101901 0.0101818
7 0.0569591 0.912899 0.0276704 0.00247158
7 0.0903602 0.696625 0.17559 0.037424
13 0.0822535 0.418478 0.492648 0.0066205
7 0.122388 0.597607 0.0638743 0.216131
13 0.0735608 0.448039 0.46806 0.0103403
7 0.0119941 0.515408 0.0923049 0.380293
7 0.402899 0.517221 0.0597938 0.0200866
13 0.0959618 0.302997 0.346276 0.254764
7 0.389701 0.506037 0.0742179 0.030044
7 0.314837 0.404193 0.120644 0.160327
0 0.543835 0.452137 0.00341781 0.000610198
18 0.00559665 0.143057 0.17529 0.676057
7 0.0487012 0.385145 0.236955 0.329199
0 0.545518 0.312457 0.117734 0.0242908
7 0.106769 0.810147 0.0528265 0.0302571
13 0.0772135 0.20606 0.542367 0.174359
7 0.133193 0.478432 0.383384 0.00499057
0 0.645628 0.218454 0.132026 0.00389215
18 0.0062644 0.276596 0.321902 0.395237
13 0.0909391 0.174403 0.653426 0.0812316
13 0.0961249 0.141982 0.695577 0.0663157
13 0.120828 0.34228 0.519262 0.0176305
7 0.101454 0.658296 0.221578 0.0186711
7 0.137259 0.664607 0.123101 0.075032
7 0.00831888 0.947298 0.0294172 0.0149661
7 0.0126309 0.640873 0.330161 0.0163352
13 0.0170009 0.187633 0.72062 0.074746
13 0.0306137 0.17259 0.790047 0.00674984
7 0.0288895 0.727685 0.22883 0.0145955
0 0.386818 0.348445 0.257644 0.00709274
18 0.0226738 0.40293 0.139707 0.434689
7 0.0217265 0.505473 0.138192 0.334608
7 0.490818 0.49633 0.00449116 0.00836036
13 0.0162939 0.283665 0.584772 0.11527
18 0.0416038 0.211402 0.0346443 0.712349
0 0.554827 0.434866 0.00414042 0.00616699
18 0.0270051 0.146364 0.209018 0.617613
7 0.0655168 0.808016 0.0865548 0.039912
7 0.167359 0.401462 0.352819 0.0783594
7 0.239685 0.576341 0.162602 0.0213721
7 0.0995267 0.548699 0.187438 0.164336
7 0.220582 0.644771 0.128244 0.00640333
7 0.131615 0.797717 0.0674941 0.0031739
7 0.019811 0.472988 0.338075 0.169126
13 0.0114508 0.205451 0.65289 0.130208
7 0.0425573 0.907882 0.0271175 0.022443
0 0.482626 0.448245 0.0601064 0.00902337
13 0.0730285 0.228786 0.518089 0.180097
13 0.076184 0.170133 0.651721 0.101962
13 0.0688043 0.396848 0.483806 0.0505422
7 0.0162758 0.946972 0.0218062 0.0149462
0 0.650945 0.270929 0.067878 0.0102483
7 0.060286 0.931741 0.00699921 0.000973946
7 0.0659697 0.667835 0.20001 0.066185
13 0.00652705 0.334092 0.355679 0.303702
7 0.0560537 0.677201 0.236554 0.0301912
13 0.01732 0.054579 0.877067 0.051034
7 0.123417 0.809025 0.0526989 0.0148589
7 0.0226061 0.900162 0.0523153 0.0249166
7 0.0450155 0.839686 0.114729 0.000569549
7 0.208658 0.599945 0.11276 0.0786364
13 0.0940222 0.432955 0.447354 0.0256688
13 0.345751 0.127763 0.521782 0.00470328
7 0.060794 0.729876 0.194287 0.0150429
7 0.0261572 0.93279 0.0389111 0.00214213
0 0.512446 0.0802124 0.331078 0.0762638
7 0.00221634 0.895802 0.100147 0.00183406
18 0.27387 0.174179 0.227244 0.324706
7 0.0491324 0.8617 0.0564791 0.0326887
7 0.138482 0.67163 0.170842 0.0190454
7 0.156322 0.690212 0.130568 0.022898
13 0.418839 0.0691374 0.492123 0.0199006
7 0.0944251 0.718708 0.177766 0.00910118
7 0.017509 0.873884 0.0943089 0.0142981
13 0.0747066 0.355985 0.527882 0.0414267
0 0.779741 0.146336 0.0525606 0.0213626
0 0.439947 0.257877 0.177569 0.124607
7 0.0353752 0.905111 0.0271866 0.0323273
13 0.389571 0.208838 0.397755 0.00383701
18 0.0148717 0.022439 0.396424 0.566266
7 0.0131448 0.825681 0.12873 0.0324443
0 0.45302 0.170452 0.371365 0.00516233
7 0.00748756 0.883196 0.102786 0.00653035
13 0.0336762 0.292404 0.465074 0.208846
7 0.127871 0.508064 0.358968 0.00509762
7 0.00612256 0.94046 0.0430921 0.0103255
7 0.0907833 0.46321 0.380885 0.065122
7 0.0409038 0.794334 0.109014 0.0557485
13 0.0468917 0.205961 0.741208 0.00593859
13 0.00589535 0.179431 0.469317 0.345356
7 0.0917187 0.625319 0.273927 0.00903505
7 0.0617625 0.619221 0.265749 0.0532674
7 0.0812416 0.567872 0.2744 0.0764864
7 0.157202 0.627814 0.208177 0.00680696
7 0.00308707 0.88616 0.0990784 0.011675
7 0.149497 0.596878 0.244496 0.00912842
13 0.131247 0.361644 0.477688 0.029421
7 0.00545835 0.933522 0.045042 0.0159772
13 0.206282 0.261752 0.477865 0.0541018
13 0.0621748 0.377985 0.537185 0.0226553
18 0.0086189 0.13216 0.328275 0.530945
7 0.0132715 0.610524 0.155504 0.220701
7 0.027246 0.584376 0.174121 0.214257
0 0.510616 0.337534 0.123195 0.028656
18 0.0353901 0.220205 0.037497 0.706908
0 0.531824 0.0415209 0.421379 0.00527563
7 0.183976 0.584132 0.22664 0.00525237
13 0.0148492 0.131121 0.481134 0.372896
0 0.897439 0.086092 0.00924084 0.00722863
7 0.0292681 0.797148 0.117122 0.0564621
13 0.0396622 0.157417 0.409996 0.392925
18 0.0130951 0.0609551 0.364073 0.561877
7 0.0778631 0.532592 0.388024 0.0015213
7 0.00110411 0.490759 0.115568 0.392569
7 0.135289 0.591829 0.226596 0.046286
13 0.243171 0.282014 0.411646 0.0631694
13 0.00883704 0.0251951 0.814135 0.151833
0 0.717073 0.266906 0.0106376 0.00538348
7 0.185473 0.631472 0.16613 0.0169243
0 0.39133 0.34036 0.247191 0.0211192
7 0.347917 0.531011 0.11696 0.00411257
13 0.0316115 0.377524 0.570886 0.0199779
7 0.00367529 0.927865 0.0637916 0.00466802
18 0.0296098 0.339801 0.108709 0.521881
7 0.071631 0.920729 0.00733321 0.000307027
7 0.0365516 0.552243 0.354578 0.0566273
13 0.0168042 0.290407 0.382569 0.31022
13 0.0221785 0.119578 0.844628 0.0136152
7 0.00653558 0.791701 0.194709 0.00705522
13 0.00354229 0.210279 0.56996 0.216219
13 0.00760569 0.0737047 0.888817 0.0298729
7 0.00549726 0.635744 0.22306 0.135699
13 0.228428 0.170078 0.501737 0.0997563
13 0.00331465 0.22122 0.548693 0.226773
13 0.07038 0.213163 0.644155 0.0723025
18 0.0101263 0.0150834 0.286901 0.687889
13 0.0144993 0.286251 0.3953 0.30395
13 0.0111413 0.0863405 0.881805 0.0207133
13 0.0722744 0.26501 0.529381 0.133335
13 0.0111334 0.0404635 0.873722 0.0746811
18 0.0707116 0.126972 0.266635 0.535681
13 0.0253931 0.0519578 0.803917 0.118732
13 0.130368 0.19685 0.62301 0.0497718
18 0.0360081 0.0215496 0.418384 0.524058
13 0.0629477 0.112985 0.460882 0.363186
13 0.0201952 0.274196 0.676577 0.0290324
13 0.00242244 0.0734321 0.577152 0.346994
18 0.00445231 0.0296169 0.0910345 0.874896
13 0.0711015 0.0777391 0.833933 0.0172263
13 0.0400444 0.190723 0.767876 0.00135643
13 0.014456 0.0712529 0.76333 0.150961
7 0.15957 0.439887 0.382176 0.0183678
13 0.0083699 0.114925 0.546665 0.33004
13 0.018589 0.0579253 0.737998 0.185488
7 0.0084043 0.411376 0.315408 0.264812
7 0.0783262 0.57512 0.338145 0.00840852
0 0.48164 0.0639585 0.423356 0.0310463
13 0.0109835 0.114658 0.765863 0.108495
0 0.450136 0.110351 0.412379 0.0271339
13 0.0460646 0.162125 0.64198 0.14983
0 0.432151 0.296724 0.209419 0.0617061
13 0.0877089 0.0460914 0.802957 0.063243
13 0.00183162 0.104161 0.717085 0.176922
18 0.0145589 0.273251 0.311047 0.401143
18 0.0643484 0.238784 0.329151 0.367716
13 0.0640857 0.194052 0.584616 0.157246
0 0.712845 0.134312 0.116434 0.036408
13 0.0317417 0.129993 0.764091 0.0741742
13 0.0750606 0.174833 0.384952 0.365154
13 0.0125915 0.0785845 0.690468 0.218356
18 0.0500647 0.300218 0.182913 0.466804
7 0.0157779 0.922026 0.0533054 0.00889077
13 0.0451248 0.379011 0.500866 0.0749983
18 0.0021707 0.0669933 0.124428 0.806408
0 0.474343 0.207379 0.302798 0.0154802
7 0.137358 0.560645 0.299837 0.00216037
7 0.0478365 0.570202 0.349388 0.0325737
13 0.0610867 0.453974 0.480191 0.00474828
13 0.0257208 0.0656566 0.69263 0.215993
13 0.0301081 0.0693098 0.81613 0.0844519
13 0.00826658 0.173872 0.680728 0.137133
7 0.0875624 0.409438 0.243448 0.259552
7 0.120897 0.689827 0.160293 0.028983
13 0.0572482 0.19094 0.697108 0.0547037
13 0.00828566 0.0361807 0.808058 0.147476
13 0.01299 0.305579 0.672665 0.00876573
13 0.0948566 0.287368 0.564092 0.0536827
13 0.00331685 0.0401188 0.94929 0.00727469
13 0.0709427 0.187635 0.592089 0.149333
13 0.00176865 0.00806261 0.984275 0.00589352
13 0.0714207 0.32774 0.501763 0.0990767
0 0.778222 0.0745342 0.134792 0.0124526
18 0.0228615 0.206387 0.361461 0.40929
13 0.144324 0.235248 0.599988 0.0204398
13 0.180242 0.359617 0.36005 0.100091
18 0.0468482 0.0474815 0.264901 0.64077
18 0.000848412 0.465524 0.065001 0.468626
13 0.196712 0.16613 0.57369 0.063468
13 0.0583339 0.330111 0.49475 0.116805
7 0.0198914 0.535479 0.377446 0.0671839
13 0.225323 0.207175 0.536917 0.0305847
13 0.408369 0.111143 0.477785 0.0027029
13 0.0262165 0.365804 0.399951 0.208028
13 0.0430346 0.187153 0.602361 0.167451
7 0.169752 0.364928 0.210886 0.254433
13 0.0220468 0.0818788 0.534118 0.361956
7 0.0134246 0.698618 0.197697 0.0902599
13 0.0334289 0.407844 0.491887 0.0668409
13 0.00540542 0.0508824 0.879503 0.0642091
18 0.0575554 0.0994181 0.236511 0.606516
18 0.00220578 0.265791 0.0605273 0.671476
18 0.0218372 0.125697 0.210609 0.641857
13 0.00486009 0.122886 0.758659 0.113595
13 0.0168876 0.362638 0.613231 0.0072441
13 0.00462337 0.105732 0.711402 0.178242
13 0.0189758 0.0493201 0.918432 0.0132721
13 0.0164726 0.300489 0.527746 0.155292
7 0.27323 0.395935 0.311672 0.0191634
18 0.114839 0.0515216 0.335017 0.498622
13 0.0648135 0.192275 0.737127 0.00578442
13 0.0813467 0.0421146 0.864087 0.0124517
18 0.298011 0.0272862 0.210573 0.46413
13 0.0252337 0.334919 0.586475 0.0533726
13 0.112052 0.134383 0.742524 0.0110413
7 0.11433 0.435814 0.328183 0.121674
13 0.0149107 0.066017 0.727708 0.191364
13 0.0426236 0.334794 0.545422 0.0771607
13 0.072605 0.279984 0.643271 0.00414011
13 0.0294862 0.128078 0.755362 0.0870745
13 0.0159038 0.0871306 0.760171 0.136794
18 0.0114974 0.118099 0.304538 0.565865
13 0.0868631 0.159946 0.397813 0.355378
0 0.429776 0.108516 0.401129 0.0605786
13 0.00520507 0.0699523 0.702922 0.22192
13 0.295699 0.137941 0.525891 0.0404683
7 0.168847 0.705877 0.119845 0.00543123
18 0.0429192 0.230396 0.186958 0.539727
13 0.154072 0.0998616 0.742709 0.00335733
18 0.00641053 0.0374518 0.265396 0.690742
13 0.0157854 0.0338331 0.910091 0.0402909
13 0.10616 0.173639 0.619643 0.100557
7 0.0923846 0.814625 0.0834205 0.00956976
7 0.197344 0.49062 0.2793 0.0327366
13 0.0977267 0.0651432 0.833081 0.00404933
13 0.291676 0.162786 0.534503 0.0110356
7 0.0382358 0.496259 0.383622 0.0818835
13 0.229018 0.162474 0.432986 0.175522
13 0.0186638 0.08326 0.589254 0.308822
0 0.428371 0.376587 0.19312 0.00192227
13 0.0122218 0.0912905 0.453826 0.442662
18 0.0188176 0.0378103 0.0947907 0.848581
7 0.0918866 0.65068 0.154292 0.103142
13 0.0789016 0.374634 0.536544 0.00992025
13 0.0202787 0.0812698 0.80081 0.0976416
7 0.0178891 0.734525 0.240349 0.00723704
13 0.205787 0.287264 0.401475 0.105474
7 0.0207756 0.499274 0.412341 0.0676092
13 0.083196 0.295862 0.593511 0.0274319
0 0.375228 0.234411 0.36643 0.0239305
7 0.0180844 0.661006 0.286862 0.0340477
13 0.100124 0.0835369 0.620172 0.196167
7 0.0122301 0.526268 0.193602 0.2679
0 0.606687 0.028973 0.334922 0.0294179
13 0.0138036 0.0618906 0.491928 0.432378
13 0.214677 0.213318 0.539212 0.0327933
13 0.100297 0.19572 0.65061 0.0533728
13 0.0358999 0.0658915 0.88111 0.0170983
18 0.174129 0.118596 0.265031 0.442244
13 0.00698642 0.0807781 0.728398 0.183838
7 0.0164994 0.370869 0.296592 0.31604
13 0.189678 0.0297104 0.768674 0.0119371
13 0.0272949 0.0780638 0.682106 0.212536
7 0.00593185 0.500328 0.488635 0.00510474
18 0.0140536 0.181649 0.266711 0.537587
13 0.158685 0.270277 0.523357 0.0476814
13 0.132242 0.142227 0.518197 0.207335
13 0.0355005 0.0706903 0.892468 0.00134171
13 0.0103723 0.277951 0.663537 0.0481398
13 0.119319 0.153936 0.715701 0.0110439
7 0.121862 0.537372 0.303631 0.0371354
18 0.00942259 0.0262053 0.0544142 0.909958
13 0.143503 0.0307091 0.807632 0.0181557
13 0.135503 0.07577 0.778579 0.0101481
13 0.187942 0.194647 0.611984 0.00542615
7 0.0420389 0.504049 0.175984 0.277928
18 0.0108067 0.172003 0.374319 0.442871
13 0.0197178 0.124384 0.611222 0.244677
13 0.0562194 0.189659 0.595216 0.158906
13 0.0171774 0.0805914 0.791677 0.110555
13 0.0263694 0.476818 0.479239 0.017574
7 0.0353509 0.784128 0.15598 0.0245413
13 0.087579 0.381982 0.49883 0.0316087
13 0.107886 0.15362 0.713097 0.025397
13 0.117657 0.0863536 0.48328 0.31271
7 0.253527 0.424557 0.178588 0.143328
13 0.00710627 0.116824 0.838328 0.0377421
13 0.0137029 0.0614691 0.890375 0.0344533
13 0.144973 0.26268 0.542144 0.0502032
13 0.0766593 0.281661 0.596196 0.0454836
7 0.0276944 0.503054 0.460259 0.00899222
7 0.332602 0.527661 0.0871471 0.0525897
13 0.330292 0.0810922 0.585298 0.00331839
7 0.291763 0.365313 0.320632 0.0222923
13 0.00965682 0.0239023 0.859025 0.107415
13 0.0992716 0.151118 0.741452 0.00815836
13 0.00609273 0.0214792 0.697914 0.274514
13 0.00300978 0.0744876 0.873137 0.0493658
18 0.001601 0.174485 0.12359 0.700324
0 0.494262 0.0996052 0.299545 0.106587
13 0.0145159 0.259711 0.70286 0.022913
13 0.018064 0.344326 0.635434 0.00217628
7 0.170726 0.569215 0.185019 0.0750396
13 0.0191534 0.228652 0.711901 0.0402943
13 0.0485939 0.0989899 0.58631 0.266106
13 0.0743732 0.198436 0.657834 0.0693566
7 0.118949 0.4581 0.404666 0.0182847
13 0.0179838 0.268325 0.45604 0.257651
13 0.00708433 0.211846 0.671897 0.109173
13 0.0650759 0.333049 0.519397 0.0824774
13 0.109037 0.106103 0.514902 0.269957
13 0.0136361 0.317425 0.664065 0.00487302
13 0.224353 0.0368089 0.550264 0.188574
13 0.0572307 0.227307 0.702098 0.0133644
7 0.0462458 0.562439 0.388868 0.00244752
18 0.0238684 0.130693 0.242649 0.60279
13 0.111522 0.311236 0.519583 0.0576592
13 0.0514029 0.114508 0.79515 0.0389387
7 0.08649 0.568861 0.299373 0.0452767
13 0.00857951 0.368128 0.558027 0.0652658
13 0.0121403 0.177227 0.778861 0.0317721
13 0.0168716 0.0919376 0.822825 0.0683655
13 0.0325518 0.126773 0.826353 0.0143224
13 0.00860663 0.0547861 0.475825 0.460782
13 0.0213437 0.012417 0.836011 0.130229
7 0.0241671 0.850265 0.117427 0.00814159
18 0.00287701 0.0642893 0.266507 0.666326
13 0.136639 0.13358 0.657872 0.0719092
13 0.158663 0.156823 0.519157 0.165356
13 0.0481316 0.243656 0.645426 0.0627868
13 0.00661808 0.403915 0.531334 0.058133
13 0.147766 0.283136 0.566193 0.00290512
13 0.00375066 0.271683 0.645721 0.0788454
13 0.118856 0.177478 0.681751 0.0219149
7 0.0270982 0.637922 0.323282 0.0116974
13 0.0885769 0.211959 0.562293 0.137171
18 0.00734234 0.0312556 0.402367 0.559035
13 0.0324673 0.105408 0.778707 0.0834173
7 0.0443999 0.625836 0.319938 0.00982697
0 0.646287 0.205422 0.139398 0.00889239
13 0.182096 0.117839 0.664202 0.0358629
13 0.0701166 0.064213 0.843782 0.0218879
13 0.157306 0.0535606 0.707543 0.0815903
7 0.122554 0.679908 0.147881 0.0496569
7 0.0674052 0.408723 0.355559 0.168313
7 0.00966324 0.837686 0.130137 0.0225134
13 0.0933364 0.118191 0.718979 0.0694933
13 0.291984 0.0412682 0.626736 0.040012
7 0.2095 0.365171 0.25376 0.171569
0 0.649453 0.101469 0.244436 0.00464132
13 0.0304893 0.261468 0.703856 0.00418715
13 0.0159219 0.0668864 0.894688 0.0225034
7 0.0700553 0.614226 0.312066 0.00365257
13 0.119529 0.20811 0.668142 0.00421936
7 0.0146787 0.574997 0.330958 0.0793662
13 0.0853369 0.317691 0.596256 0.000716168
13 0.130782 0.139273 0.58968 0.140265
7 0.0324174 0.491517 0.423588 0.0524777
13 0.00630765 0.058814 0.878871 0.0560071
0 0.739473 0.129398 0.115505 0.0156238
13 0.0111671 0.0312639 0.820893 0.136676
13 0.117941 0.216025 0.51005 0.155984
13 0.28617 0.251344 0.452406 0.0100793
13 0.0462279 0.0600167 0.647802 0.245954
18 0.0633008 0.264909 0.256618 0.415173
13 0.118946 0.123259 0.738062 0.0197335
0 0.539633 0.265772 0.187372 0.00722214
13 0.0450317 0.434899 0.4919 0.028169
13 0.0593516 0.30337 0.607216 0.0300629
18 0.0158972 0.0176294 0.337402 0.629072
0 0.370874 0.2716 0.288918 0.0686083
7 0.109461 0.52177 0.36805 0.000719328
13 0.00621222 0.104407 0.829112 0.0602687
13 0.0242197 0.106141 0.865974 0.00366501
7 0.0694267 0.541139 0.352914 0.0365204
13 0.152241 0.0628984 0.78222 0.00264016
18 0.0151973 0.172722 0.395356 0.416725
13 0.113168 0.293923 0.523577 0.069332
13 0.0580105 0.165138 0.540881 0.23597
7 0.0268752 0.485357 0.342553 0.145214
13 0.384385 0.0614738 0.501562 0.0525794
13 0.011853 0.0526496 0.818279 0.117218
7 0.0854198 0.488801 0.41943 0.00634884
13 0.311135 0.130848 0.454429 0.103588
13 0.0118724 0.0688015 0.88859 0.030736
13 0.0655992 0.167964 0.703708 0.062729
18 0.13435 0.228571 0.255676 0.381403
13 0.293087 0.134217 0.55412 0.0185756
13 0.122758 0.290733 0.539857 0.0466523
18 0.000956879 0.0461572 0.139734 0.813152
13 0.0130468 0.0357777 0.7025 0.248675
7 0.0388961 0.601227 0.358567 0.00130951
7 0.0207725 0.728485 0.118785 0.131957
13 0.00980999 0.155377 0.61579 0.219024
13 0.248772 0.165079 0.576849 0.00930122
13 0.0311487 0.140814 0.648754 0.179284
13 0.335487 0.0598455 0.58876 0.0159076
13 0.211114 0.174175 0.580806 0.0339056
13 0.0171003 0.0494677 0.862494 0.0709381
13 0.161695 0.347225 0.350389 0.140691
13 0.387573 0.0878363 0.446565 0.0780258
7 0.162612 0.735296 0.0921536 0.00993817
13 0.0493229 0.312066 0.402627 0.235984
13 0.385655 0.0739167 0.513076 0.027352
7 0.265394 0.314865 0.29182 0.127921
13 0.0202459 0.113862 0.658728 0.207164
13 0.0924655 0.0998797 0.771805 0.0358496
13 0.0105929 0.0280564 0.540458 0.420893
18 0.00360962 0.121714 0.153341 0.721335
13 0.0233876 0.0302465 0.529046 0.41732
13 0.0389105 0.160236 0.715033 0.0858208
13 0.0105319 0.0488602 0.843465 0.0971428
0 0.54736 0.279726 0.162057 0.0108569
7 0.0216663 0.447964 0.32793 0.202439
18 0.00922398 0.0940751 0.214128 0.682573
18 0.0070804 0.132042 0.346469 0.514408
13 0.0800587 0.141654 0.756361 0.0219255
13 0.0324375 0.345162 0.374392 0.248009
7 0.364175 0.454479 0.158821 0.0225251
7 0.187384 0.410731 0.35798 0.0439042
7 0.118013 0.593705 0.266342 0.02194
13 0.0322422 0.15351 0.424281 0.389967
13 0.0384625 0.257674 0.668222 0.0356417
18 0.018481 0.0464318 0.221753 0.713335
13 0.112755 0.153643 0.718018 0.0155839
18 0.00368302 0.179904 0.228586 0.587827
13 0.00562906 0.0624648 0.532117 0.399789
0 0.492302 0.333863 0.167439 0.00639677
7 0.023842 0.922769 0.0512883 0.0021007
13 0.0139862 0.440304 0.507142 0.0385683
13 0.0778856 0.123273 0.729597 0.0692446
18 0.0645275 0.084406 0.406798 0.444268
7 0.0202444 0.70001 0.223787 0.0559586
0 0.370275 0.226319 0.215111 0.188296
7 0.0171113 0.467739 0.316886 0.198264
13 0.0238354 0.19177 0.550586 0.233809
13 0.0267552 0.172445 0.781262 0.0195382
13 0.02764 0.458206 0.463003 0.0511503
18 0.0225721 0.190271 0.143144 0.644012
13 0.012508 0.143457 0.724392 0.119643
18 0.00188459 0.0318383 0.215378 0.750899
13 0.0133134 0.12266 0.593139 0.270888
13 0.139519 0.046445 0.629449 0.184587
13 0.16118 0.222617 0.540132 0.0760715
7 0.026138 0.500916 0.426698 0.0462486
7 0.263164 0.383304 0.337444 0.0160871
13 0.0695046 0.250159 0.655281 0.0250554
13 0.0952349 0.247489 0.617103 0.0401731
13 0.0169173 0.0689307 0.862927 0.0512249
18 0.106582 0.122925 0.300879 0.469614
13 0.0614124 0.0480572 0.85738 0.0331506
13 0.151054 0.372076 0.413388 0.0634826
13 0.0895976 0.141582 0.695823 0.0729974
13 0.0362776 0.0516964 0.902486 0.00954025
13 0.0502694 0.0681493 0.555287 0.326295
13 0.365603 0.229335 0.38447 0.0205914
18 0.00765029 0.0874545 0.440953 0.463942
13 0.0376644 0.159052 0.710151 0.0931326
18 0.00401144 0.100957 0.0552699 0.839761
18 0.00185406 0.038765 0.231802 0.727579
18 0.034104 0.269623 0.116261 0.580012
13 0.005857 0.0505668 0.840546 0.103031
18 0.000358265 0.0300487 0.0691124 0.900481
18 0.00540348 0.0521914 0.248106 0.694299
18 0.00329086 0.0524269 0.149676 0.794606
13 0.054617 0.37142 0.390926 0.183037
13 0.0304711 0.302031 0.371689 0.295809
18 0.00650877 0.256506 0.0891944 0.647791
18 0.0271921 0.166789 0.331239 0.47478
18 0.00211658 0.161133 0.0580415 0.778709
18 0.00492695 0.108798 0.0394045 0.846871
18 0.00300011 0.030184 0.107902 0.858914
13 0.0123789 0.0912179 0.507054 0.389349
18 0.0850766 0.0666079 0.0951201 0.753195
13 0.0326624 0.307081 0.33674 0.323517
13 0.186631 0.102439 0.368212 0.342718
13 0.0977972 0.264391 0.32098 0.316832
18 0.00770012 0.0817879 0.14041 0.770102
18 0.0255129 0.180171 0.316114 0.478203
18 0.0263276 0.0861143 0.274189 0.61337
13 0.0185772 0.143219 0.624092 0.214112
7 0.0181399 0.399232 0.259339 0.323289
13 0.024125 0.0981631 0.712467 0.165245
18 0.0079966 0.15012 0.102069 0.739814
18 0.0471135 0.22413 0.317893 0.410864
18 0.00180971 0.0899396 0.103412 0.804838
18 0.111076 0.235101 0.186042 0.467781
18 0.00595989 0.14525 0.153664 0.695126
18 0.0185254 0.140645 0.205555 0.635275
18 0.0540635 0.170846 0.366229 0.408861
13 0.112062 0.18361 0.458917 0.245412
18 0.00937239 0.0893711 0.148865 0.752392
18 0.0210353 0.110223 0.423706 0.445036
18 0.0137521 0.174831 0.2839 0.527517
18 0.00101372 0.232465 0.0648391 0.701682
18 0.00040492 0.026181 0.0142212 0.959193
18 0.00267489 0.250529 0.062763 0.684033
18 0.0483734 0.213766 0.173147 0.564713
18 0.00502829 0.0928301 0.261387 0.640754
18 0.00534398 0.0530519 0.171853 0.769751
13 0.136108 0.058837 0.660839 0.144216
18 0.00743156 0.184605 0.0435759 0.764387
18 0.0010693 0.0351449 0.00862523 0.955161
13 0.0230907 0.39831 0.405434 0.173165
13 0.0211098 0.211947 0.41491 0.352033
13 0.0068721 0.0319405 0.491498 0.469689
18 0.000885187 0.0328583 0.0790043 0.887252
7 0.0107699 0.738623 0.129313 0.121294
7 0.286439 0.573136 0.115966 0.0244584
7 0.0131144 0.528481 0.278744 0.179661
7 0.0397082 0.500226 0.213908 0.246158
18 0.156385 0.309706 0.0983104 0.435598
18 0.0453042 0.0973109 0.188093 0.669292
18 0.0583066 0.241115 0.338643 0.361935
18 0.00480974 0.0317478 0.0959674 0.867475
18 0.00196191 0.0641643 0.0478379 0.886036
7 0.0622242 0.455162 0.24661 0.236003
18 0.0226958 0.145475 0.120886 0.710943
18 0.0117664 0.221324 0.0509971 0.715912
18 0.00785711 0.0401478 0.0600001 0.891995
18 0.00494995 0.0432004 0.126532 0.825318
18 0.0020835 0.0261795 0.0628408 0.908896
18 0.00827282 0.0300244 0.0773613 0.884341
18 0.00152854 0.0152514 0.0128913 0.970329
18 0.0212946 0.227737 0.317756 0.433212
13 0.0375061 0.188212 0.629782 0.144499
18 0.0313295 0.0575858 0.308528 0.602557
7 0.0744662 0.653881 0.0986884 0.172964
18 0.0176487 0.186027 0.0717453 0.724579
13 0.00638366 0.09902 0.654395 0.240201
18 0.0194037 0.0606836 0.127409 0.792504
18 0.00921202 0.20459 0.208916 0.577282
18 0.0185737 0.00677155 0.297764 0.676891
18 0.0648704 0.278662 0.26431 0.392158
13 0.01032 0.163279 0.550269 0.276131
18 0.0121446 0.0171042 0.361522 0.60923
18 0.00802673 0.0652856 0.292186 0.634502
7 0.0125527 0.540717 0.08136 0.365371
18 0.0201121 0.0927256 0.0508523 0.83631
13 0.0491467 0.182241 0.467458 0.301155
18 0.0185558 0.320437 0.273987 0.38702
18 0.0299862 0.104256 0.0739836 0.791774
7 0.0098157 0.702563 0.0735136 0.214108
18 0.00193139 0.0200632 0.144889 0.833116
0 0.343396 0.147842 0.238571 0.270192
18 0.0613295 0.0834364 0.0899394 0.765295
18 0.0138979 0.0967016 0.371213 0.518187
7 0.224318 0.316802 0.230653 0.228227
18 0.00151081 0.0298086 0.146014 0.822666
18 0.0222311 0.175771 0.369789 0.432208
18 0.00664155 0.0409165 0.115641 0.836801
18 0.00157413 0.0357624 0.077956 0.884707
13 0.127642 0.121583 0.698802 0.0519724
18 0.00955199 0.0625987 0.141239 0.78661
18 0.0497024 0.150446 0.130988 0.668863
7 0.0823487 0.376655 0.254315 0.286681
13 0.226202 0.0267329 0.555948 0.191117
18 0.0684805 0.0602492 0.414607 0.456664
18 0.0134121 0.0489932 0.232041 0.705554
18 0.0240109 0.0511911 0.23657 0.688228
13 0.0146108 0.103767 0.639116 0.242506
7 0.0389723 0.543941 0.355832 0.0612543
18 0.0077017 0.277193 0.166253 0.548852
