labels 0 7 13 18
0 0.700727 0.254737 0.0166476 0.0278891
0 0.983365 0.0118835 0.00405557 0.000695984
0 0.964234 0.0319376 0.00306106 0.000767171
0 0.705041 0.0497639 0.244271 0.000924091
0 0.878162 0.106352 0.0101863 0.00529979
0 0.792761 0.122686 0.0484988 0.0360545
0 0.888922 0.0980389 0.00973839 0.00330089
0 0.723572 0.194495 0.0435403 0.0383929
0 0.989423 0.00621856 0.00329019 0.00106837
0 0.888171 0.0631562 0.0235762 0.0250961
0 0.711526 0.2008 0.0771773 0.0104963
13 0.28641 0.167883 0.542057 0.00365054
0 0.864545 0.0932991 0.0397008 0.00245518
0 0.966573 0.0139292 0.0191427 0.000354893
0 0.934069 0.0615321 0.00253647 0.00186267
0 0.853263 0.0990318 0.0451276 0.00257769
0 0.818401 0.0838262 0.0911724 0.00660007
0 0.841242 0.0880564 0.0693137 0.00138791
0 0.938189 0.0377985 0.0148186 0.00919435
0 0.941872 0.0471467 0.00267482 0.00830621
0 0.844729 0.119117 0.00746737 0.0286875
0 0.898077 0.0986224 0.00125133 0.00204949
0 0.96501 0.0173243 0.0126787 0.00498656
0 0.889423 0.0776179 0.0249998 0.00795883
0 0.735841 0.195999 0.0642066 0.00395286
0 0.926863 0.0684807 0.0013762 0.00327998
0 0.845082 0.097568 0.0482973 0.00905228
13 0.209439 0.188161 0.393586 0.208814
0 0.793503 0.127286 0.0750769 0.00413459
0 0.861082 0.0988227 0.0371735 0.00292181
7 0.200784 0.411603 0.333708 0.0539056
0 0.863063 0.0941409 0.0299074 0.0128883
13 0.312632 0.0681401 0.569293 0.0499349
0 0.799163 0.0776617 0.12211 0.00106595
0 0.72834 0.222607 0.0386893 0.0103645
0 0.841296 0.0948822 0.0611667 0.00265491
13 0.26355 0.20866 0.398752 0.129039
0 0.755527 0.178217 0.0328413 0.0334153
7 0.370726 0.406443 0.11345 0.10938
0 0.845489 0.0766363 0.0746506 0.00322458
0 0.89802 0.0987673 0.00115418 0.00205879
0 0.676715 0.195212 0.12667 0.00140299
0 0.500784 0.485192 0.0130691 0.000954536
0 0.827379 0.0776323 0.0630319 0.0319572
0 0.796009 0.182017 0.0210838 0.000890163
0 0.971147 0.0240084 0.0035045 0.00133986
0 0.876933 0.0883365 0.0220935 0.0126372
13 0.375375 0.102708 0.482256 0.0396613
0 0.912628 0.0593522 0.0208345 0.00718516
13 0.059707 0.291505 0.583135 0.0656527
0 0.890142 0.0979196 0.00761816 0.00432063
0 0.914357 0.062032 0.0233059 0.000305237
0 0.858838 0.0970929 0.0418231 0.00224652
0 0.771783 0.0571923 0.170207 0.000817587
0 0.728989 0.178481 0.0702491 0.0222812
0 0.839472 0.0989426 0.0585948 0.00299107
0 0.89226 0.0982549 0.0029326 0.00655213
0 0.684091 0.254818 0.0514592 0.00963139
0 0.958694 0.0394431 0.00146705 0.000396313
0 0.898075 0.0986328 0.00194546 0.00134623
0 0.718511 0.210611 0.0557866 0.0150912
0 0.962939 0.0252989 0.00958706 0.00217526
0 0.758297 0.208812 0.0307471 0.00214468
0 0.899192 0.0787961 0.0101954 0.0118163
0 0.986997 0.0113803 0.0011243 0.000498081
13 0.296652 0.30532 0.369317 0.0287113
0 0.658322 0.261175 0.055056 0.0254468
0 0.866127 0.0980877 0.0310194 0.0047662
0 0.843159 0.0953173 0.0606374 0.000886471
0 0.896119 0.0984809 0.00268716 0.00271338
0 0.834123 0.0980595 0.0437091 0.0241084
13 0.187387 0.104702 0.678728 0.0291832
0 0.992008 0.00705903 0.000823376 0.000110083
0 0.765758 0.152657 0.0438272 0.0377574
0 0.861373 0.12837 0.00375638 0.00650072
0 0.97939 0.0186689 0.00149391 0.000447367
0 0.926351 0.0668103 0.00301635 0.00382203
0 0.54542 0.15066 0.183823 0.120097
0 0.629359 0.0847956 0.259259 0.0265869
0 0.978141 0.0178714 0.00355385 0.000433448
13 0.152944 0.344071 0.500783 0.00220203
0 0.95524 0.0342038 0.0104699 8.6597e-05
0 0.894687 0.0983709 0.00543178 0.00151029
0 0.678124 0.165118 0.141653 0.015105
0 0.862909 0.0961634 0.0384214 0.00250603
13 0.211345 0.37712 0.39174 0.0197953
0 0.923557 0.0454464 0.0222816 0.00871484
0 0.843331 0.0969049 0.0361671 0.0235965
0 0.872586 0.0965097 0.0223092 0.00859553
0 0.875278 0.0974687 0.00637634 0.0208768
0 0.59165 0.3446 0.0597874 0.0039623
13 0.0822258 0.0470962 0.861876 0.00880198
0 0.989473 0.0100215 0.000174202 0.000330776
0 0.890306 0.0981586 0.00873119 0.00280461
13 0.1167 0.0724053 0.747342 0.0635526
0 0.528683 0.464459 0.00623681 0.000621309
7 0.382244 0.520075 0.0710797 0.0266013
0 0.963366 0.034135 0.00151941 0.000979311
0 0.764651 0.122818 0.102033 0.0104979
0 0.483819 0.230901 0.279254 0.00602577
13 0.0409524 0.190152 0.502639 0.266257
0 0.639795 0.188453 0.156938 0.014814
0 0.890048 0.0975127 0.00944932 0.00299028
0 0.705109 0.0936601 0.184913 0.0163177
13 0.387646 0.19442 0.409742 0.00819132
0 0.895692 0.0985345 0.00213251 0.00364062
0 0.774602 0.216551 0.0064399 0.00240734
0 0.614839 0.120744 0.220163 0.0442541
0 0.887941 0.0918899 0.00979086 0.0103784
0 0.863319 0.0945159 0.0154973 0.0266683
0 0.940697 0.0580349 0.000771839 0.000496295
13 0.285609 0.0614305 0.634815 0.018146
0 0.952898 0.0309698 0.00402763 0.0121045
0 0.843034 0.0617155 0.0774978 0.0177523
0 0.838912 0.0804567 0.0730567 0.00757427
0 0.960444 0.023361 0.0150394 0.00115595
0 0.989296 0.0100447 0.000550974 0.000108138
0 0.312444 0.290983 0.269937 0.126637
0 0.809074 0.0749646 0.111933 0.00402771
0 0.517395 0.183792 0.285178 0.0136354
0 0.821081 0.0859558 0.0341104 0.0588526
0 0.922529 0.028907 0.047472 0.00109251
0 0.796137 0.155592 0.0370888 0.0111821
0 0.510097 0.14467 0.328745 0.0164883
0 0.828138 0.0954858 0.0748508 0.00152563
0 0.813821 0.0819144 0.071534 0.0327303
0 0.8296 0.143506 0.0213959 0.00549827
0 0.759468 0.197792 0.0397635 0.00297605
0 0.733807 0.0657114 0.179177 0.0213042
0 0.892944 0.0979814 0.00620014 0.0028746
0 0.857762 0.0948252 0.0169866 0.030426
0 0.838997 0.0965903 0.0494815 0.0149314
0 0.749157 0.0548997 0.191331 0.00461234
13 0.34999 0.205211 0.390442 0.0543571
13 0.187984 0.329591 0.480485 0.00193996
0 0.896058 0.0983304 0.00471953 0.000892605
0 0.85372 0.132688 0.00655638 0.00703564
0 0.94358 0.0259276 0.0300332 0.000459559
18 0.155073 0.210932 0.226313 0.407682
0 0.827209 0.0571978 0.0926191 0.0229741
0 0.934493 0.0375681 0.0226144 0.00532464
0 0.711272 0.21381 0.0560874 0.0188309
0 0.700257 0.0530106 0.184675 0.0620577
0 0.977724 0.0220953 0.000117943 6.29405e-05
0 0.852412 0.117611 0.0239031 0.0060735
0 0.89599 0.0986147 0.00458217 0.000812939
0 0.873179 0.113837 0.0123355 0.000648621
0 0.901057 0.0606672 0.0378202 0.000455987
0 0.892165 0.0977912 0.00906179 0.000982129
0 0.884204 0.0494121 0.0655836 0.000800455
0 0.712865 0.122991 0.150599 0.0135452
0 0.764577 0.189059 0.0412269 0.00513734
13 0.137048 0.372303 0.483997 0.00665123
0 0.626139 0.292692 0.0561678 0.025001
18 0.00893343 0.0139143 0.211471 0.765682
0 0.82786 0.0812292 0.0428136 0.0480967
13 0.118437 0.146369 0.698978 0.0362159
7 0.259004 0.489338 0.225163 0.0264947
0 0.976461 0.0224429 0.00105598 3.99297e-05
0 0.848866 0.0986516 0.0497723 0.00270965
0 0.627825 0.329429 0.0304805 0.0122655
0 0.909735 0.0458008 0.0231342 0.02133
0 0.896205 0.0985553 0.00292026 0.00231949
0 0.847132 0.0992196 0.0475849 0.00606324
7 0.218152 0.543502 0.146821 0.0915251
13 0.140429 0.396912 0.454822 0.00783743
0 0.946741 0.0470179 0.00400569 0.002235
0 0.884156 0.0975364 0.0101362 0.0081718
0 0.898771 0.0987243 0.00126293 0.00124204
0 0.587763 0.35198 0.0561003 0.00415697
0 0.894323 0.0529051 0.0415291 0.0112428
0 0.817495 0.0798776 0.0843054 0.0183218
0 0.822836 0.097475 0.049782 0.0299065
0 0.869859 0.0982036 0.029993 0.00194471
13 0.0635768 0.273228 0.602323 0.0608713
0 0.954718 0.0395908 0.00349709 0.0021939
13 0.0720949 0.170483 0.628374 0.129048
0 0.89834 0.0987301 0.00268997 0.000239483
0 0.966707 0.0270213 0.0043439 0.00192824
0 0.73798 0.195764 0.048365 0.0178907
0 0.956418 0.0393675 0.00134093 0.00287404
0 0.854658 0.0722158 0.0719743 0.00115153
0 0.783601 0.0840252 0.125512 0.00686157
0 0.916508 0.0677802 0.00310814 0.0126032
0 0.896017 0.0700603 0.0244408 0.00948233
0 0.900429 0.0874116 0.00669973 0.00545924
0 0.891509 0.0977128 0.00846595 0.00231184
13 0.0510255 0.472125 0.472346 0.00450315
13 0.108948 0.156348 0.468114 0.26659
0 0.8245 0.114628 0.0594515 0.00142009
0 0.932134 0.0661634 0.00145719 0.000245578
0 0.744446 0.169315 0.0853857 0.000852926
0 0.550418 0.37263 0.0340858 0.0428658
0 0.878702 0.0967249 0.0142613 0.010312
0 0.791134 0.131929 0.0687572 0.00817962
0 0.883972 0.0798785 0.0351514 0.000997605
0 0.627594 0.137816 0.21861 0.0159809
0 0.959746 0.0382442 0.00119525 0.000814221
0 0.896252 0.0986226 0.00477648 0.000349352
0 0.798614 0.0735083 0.0896091 0.0382685
0 0.946241 0.0487169 0.00225288 0.00278931
7 0.205652 0.710641 0.0735871 0.0101205
0 0.960844 0.0300525 0.00242684 0.00667651
13 0.372891 0.225526 0.386847 0.0147359
0 0.778424 0.151333 0.0262536 0.0439887
13 0.346463 0.125735 0.517025 0.0107776
0 0.982328 0.0124159 0.00457652 0.000679981
0 0.482246 0.187499 0.278087 0.0521673
0 0.913475 0.0823436 0.00142855 0.00275285
0 0.879043 0.0863551 0.00455512 0.0300468
0 0.835727 0.0799051 0.0830656 0.00130248
0 0.978738 0.01915 0.00107308 0.00103846
0 0.735457 0.114087 0.131512 0.0189448
0 0.825272 0.0951819 0.0604201 0.0191261
0 0.976797 0.0207062 0.000488249 0.00200816
0 0.857616 0.0963841 0.0313791 0.0146211
0 0.998564 0.00129575 0.000111513 2.85333e-05
0 0.866108 0.0285129 0.0982614 0.00711803
0 0.596213 0.0938079 0.274826 0.0351531
0 0.89661 0.0984959 0.00293034 0.00196327
18 0.00649307 0.126996 0.146447 0.720064
7 0.00319541 0.723384 0.179767 0.0936531
7 0.223761 0.672469 0.101035 0.00273528
7 0.00776431 0.627007 0.306504 0.0587247
13 0.152718 0.254905 0.569018 0.0233592
7 0.252671 0.474967 0.2547 0.0176619
7 0.133337 0.763842 0.0620759 0.0407446
7 0.116254 0.745863 0.0898982 0.0479851
7 0.0524971 0.746884 0.131722 0.0688972
7 0.102345 0.870146 0.0137731 0.0137358
7 0.0741458 0.767406 0.129201 0.029247
7 0.0195093 0.843248 0.126372 0.0108707
18 0.0314609 0.375899 0.0384161 0.554224
7 0.274906 0.660765 0.0562829 0.0080452
7 0.0826481 0.665663 0.244665 0.00702373
7 0.0721979 0.607485 0.285112 0.0352055
7 0.0326979 0.731308 0.218467 0.0175272
7 0.102911 0.46468 0.427706 0.00470298
7 0.0669467 0.780023 0.127087 0.025943
7 0.0422209 0.919013 0.0229304 0.0158356
7 0.0444843 0.847336 0.100463 0.00771698
7 0.106914 0.809209 0.0806141 0.00326239
7 0.0431464 0.718362 0.128181 0.11031
7 0.0605778 0.88705 0.0420362 0.0103359
7 0.122178 0.858726 0.00783218 0.0112637
13 0.0381258 0.131594 0.612463 0.217817
13 0.10774 0.333538 0.458053 0.100669
13 0.0096081 0.115509 0.800523 0.0743602
7 0.0279807 0.582879 0.202474 0.186667
7 0.00745195 0.526918 0.369859 0.0957706
7 0.0295532 0.792877 0.141031 0.036539
7 0.0874473 0.753754 0.134966 0.0238324
7 0.0411801 0.740506 0.124026 0.0942875
18 0.0130988 0.150357 0.350549 0.485994
7 0.0658625 0.755417 0.144441 0.0342795
13 0.0124088 0.133074 0.851632 0.00288431
18 0.0112248 0.0845543 0.15208 0.752141
7 0.00644464 0.805691 0.171213 0.0166506
7 0.110988 0.762358 0.0726366 0.0540177
7 0.105215 0.770856 0.119394 0.00453428
7 0.108781 0.75689 0.0987933 0.0355359
7 0.0403717 0.740353 0.0698126 0.149463
7 0.0985108 0.59764 0.252915 0.0509342
7 0.273477 0.641535 0.0822417 0.00274575
7 0.0218456 0.525889 0.403398 0.0488679
7 0.0740172 0.730294 0.191085 0.00460427
7 0.0518224 0.748211 0.157814 0.0421525
13 0.0071885 0.39235 0.568006 0.0324557
7 0.0440742 0.779525 0.141485 0.0349159
7 0.449404 0.529834 0.014171 0.00659175
7 0.0826555 0.74214 0.115641 0.0595642
18 0.000996567 0.297177 0.229475 0.472352
0 0.649206 0.314342 0.0304096 0.00604226
7 0.103163 0.738978 0.14905 0.00880943
7 0.0478106 0.92638 0.0159993 0.00980986
7 0.0229435 0.580542 0.29031 0.106205
18 0.00938315 0.148207 0.0958344 0.746576
7 0.0211668 0.723863 0.219437 0.0355324
0 0.676134 0.288463 0.0330329 0.00237001
7 0.152037 0.575097 0.24584 0.0270261
7 0.0262604 0.572665 0.258733 0.142342
7 0.0953364 0.764341 0.11441 0.0259131
7 0.0376423 0.785522 0.122993 0.0538419
7 0.126896 0.816233 0.0556082 0.00126262
7 0.0221743 0.74746 0.184897 0.0454687
7 0.00491988 0.866771 0.121264 0.00704502
7 0.0119521 0.792788 0.181839 0.0134207
7 0.0349728 0.808049 0.138331 0.0186475
13 0.0469586 0.273969 0.579372 0.0997007
7 0.0127735 0.901575 0.0738398 0.0118119
7 0.00292325 0.77874 0.141459 0.0768773
7 0.0252651 0.79902 0.145504 0.0302115
7 0.013933 0.771344 0.181852 0.0328705
7 0.0493981 0.808721 0.132146 0.00973488
7 0.103887 0.85838 0.0305758 0.00715721
7 0.0456691 0.701209 0.144465 0.108657
7 0.28759 0.622357 0.0689524 0.0211005
0 0.767873 0.184602 0.0386423 0.00888331
7 0.00885755 0.701364 0.263774 0.0260044
7 0.0333959 0.798992 0.134162 0.0334503
7 0.0870375 0.765315 0.137243 0.0104048
7 0.0157002 0.834926 0.145485 0.00388823
7 0.0156098 0.883112 0.0143078 0.0869706
7 0.0428824 0.731443 0.113347 0.112327
7 0.0265493 0.6711 0.0903032 0.212047
13 0.0158703 0.257129 0.416084 0.310917
7 0.101663 0.870794 0.0176884 0.00985402
7 0.0150561 0.794005 0.181321 0.00961774
13 0.0173073 0.244942 0.641649 0.0961012
7 0.0599738 0.624996 0.159352 0.155678
0 0.512623 0.388569 0.0967874 0.00202115
13 0.253533 0.178299 0.547901 0.0202667
7 0.234264 0.74541 0.00782653 0.0124994
7 0.0218209 0.589875 0.234542 0.153762
13 0.0232587 0.388538 0.515772 0.0724318
7 0.102159 0.723845 0.0940958 0.0799004
7 0.0579631 0.696552 0.234742 0.0107423
7 0.0595974 0.831902 0.0941322 0.014368
7 0.0661089 0.726193 0.192044 0.015654
13 0.046324 0.357306 0.57016 0.0262107
7 0.0301401 0.550894 0.330935 0.0880302
7 0.00764183 0.783321 0.144111 0.0649257
13 0.100502 0.258573 0.63104 0.00988514
7 0.0910612 0.763575 0.134704 0.0106594
7 0.0530915 0.635221 0.264592 0.0470955
7 0.102391 0.835535 0.0590685 0.0030051
7 0.0818516 0.841682 0.0619009 0.0145651
7 0.136346 0.75742 0.0490098 0.0572242
13 0.0800524 0.453298 0.457421 0.00922839
13 0.080206 0.379049 0.518073 0.0226718
7 0.0904194 0.834013 0.071127 0.00444014
7 0.0376148 0.903047 0.0241856 0.0351528
7 0.00931148 0.64751 0.169218 0.17396
7 0.0389704 0.788799 0.0797108 0.0925199
13 0.0432264 0.309111 0.591726 0.0559356
7 0.0165649 0.826157 0.146775 0.0105031
7 0.0607058 0.819458 0.10585 0.0139854
7 0.00730952 0.762311 0.162386 0.0679933
7 0.212888 0.77448 0.00744419 0.00518805
7 0.0982409 0.768405 0.058794 0.0745599
7 0.109386 0.804192 0.0759301 0.0104917
7 0.0221142 0.746823 0.190295 0.0407679
7 0.0538281 0.806998 0.103793 0.0353809
0 0.804381 0.174836 0.0154776 0.00530503
7 0.0327507 0.792713 0.143583 0.0309536
7 0.0244359 0.802704 0.0984977 0.0743624
18 0.093227 0.353658 0.0725992 0.480516
7 0.0588442 0.37123 0.294029 0.275897
7 0.0978177 0.685026 0.189199 0.0279579
7 0.0585941 0.759742 0.130154 0.0515097
7 0.434203 0.540574 0.023745 0.00147753
7 0.0825896 0.576367 0.170992 0.170051
18 0.0181003 0.134548 0.416507 0.430845
7 0.108799 0.871101 0.015123 0.0049768
7 0.00175613 0.831404 0.148055 0.0187842
7 0.0176467 0.472705 0.300567 0.209082
7 0.0322813 0.68192 0.246985 0.0388145
0 0.457289 0.376599 0.15036 0.0157515
18 0.00573105 0.31671 0.0302313 0.647328
7 0.0100127 0.816378 0.118388 0.0552209
7 0.0167584 0.559323 0.176252 0.247667
7 0.092426 0.82839 0.0587978 0.0203858
7 0.0368219 0.489695 0.409607 0.0638763
7 0.118209 0.674559 0.158847 0.0483851
7 0.300096 0.52308 0.174437 0.00238712
7 0.0138661 0.622009 0.345554 0.0185714
7 0.0227312 0.765456 0.137864 0.0739489
7 0.0401381 0.902921 0.0151471 0.0417935
7 0.0307242 0.61091 0.0976613 0.260704
13 0.0121905 0.257661 0.563037 0.167112
7 0.0128109 0.775336 0.20962 0.00223279
7 0.106982 0.733243 0.156583 0.00319171
7 0.0326028 0.674185 0.28973 0.00348212
7 0.00948579 0.958362 0.0251404 0.00701187
7 0.102894 0.846431 0.027129 0.0235456
7 0.120623 0.76882 0.0985163 0.0120403
0 0.511108 0.461137 0.0244795 0.00327538
18 0.00765717 0.377634 0.148543 0.466166
7 0.0198656 0.659915 0.239679 0.0805402
7 0.0177187 0.822362 0.14659 0.0133294
7 0.107223 0.765493 0.10909 0.0181937
7 0.279238 0.615235 0.075947 0.0295797
7 0.0218325 0.928366 0.0272673 0.022534
13 0.040039 0.299828 0.656361 0.0037725
7 0.104429 0.827518 0.0453659 0.0226879
7 0.0514038 0.921338 0.0124786 0.0147792
7 0.00989654 0.805509 0.0998256 0.0847684
7 0.06356 0.726941 0.194927 0.014572
13 0.0224201 0.300403 0.666148 0.0110287
7 0.102959 0.864939 0.0226572 0.00944522
7 0.0884806 0.76716 0.136767 0.0075924
7 0.0592848 0.762176 0.141786 0.0367533
7 0.0746393 0.452354 0.427826 0.0451815
7 0.103933 0.856406 0.0277635 0.0118972
13 0.0503435 0.397914 0.54218 0.00956317
7 0.0117081 0.612981 0.299244 0.0760666
13 0.0209889 0.322756 0.428273 0.227982
7 0.314072 0.337785 0.327318 0.0208249
13 0.153718 0.304078 0.521104 0.0210993
7 0.00721427 0.939396 0.0482301 0.00515925
0 0.565746 0.363906 0.0618446 0.00850271
7 0.231507 0.547073 0.203752 0.0176686
7 0.134502 0.644804 0.176164 0.04453
7 0.0328649 0.732744 0.165359 0.0690328
7 0.022121 0.809723 0.135134 0.0330218
7 0.0994025 0.634651 0.256539 0.00940768
18 0.0263971 0.254769 0.209764 0.50907
7 0.0353846 0.605453 0.320833 0.0383292
7 0.102134 0.876339 0.0115086 0.0100188
7 0.0720345 0.888199 0.0184304 0.0213357
13 0.0344059 0.276618 0.604403 0.0845735
7 0.0480754 0.783687 0.160917 0.00732007
7 0.104419 0.817998 0.0685269 0.00905599
7 0.401498 0.533361 0.0634567 0.00168417
7 0.0711085 0.428176 0.376959 0.123757
7 0.0910449 0.758245 0.083556 0.0671545
7 0.0986319 0.839545 0.0532922 0.00853061
7 0.0466578 0.590098 0.317872 0.045373
7 0.0277735 0.847991 0.110689 0.0135471
13 0.0497074 0.438843 0.490217 0.0212331
7 0.0463331 0.510048 0.331831 0.111787
7 0.16349 0.450212 0.362046 0.0242516
0 0.474741 0.463514 0.0452163 0.0165285
13 0.0483735 0.296669 0.645732 0.00922615
7 0.00397307 0.570565 0.288192 0.137271
7 0.304301 0.485296 0.200163 0.0102398
7 0.106223 0.830673 0.0590705 0.00403411
7 0.0386409 0.901483 0.0356619 0.0242146
7 0.104421 0.860504 0.0317433 0.0033316
7 0.103893 0.860719 0.0329942 0.00239382
18 0.0306879 0.291136 0.299062 0.379115
13 0.00373231 0.248308 0.453081 0.294879
7 0.103907 0.846356 0.0330321 0.0167047
7 0.0941053 0.734925 0.125138 0.0458321
7 0.0568505 0.917714 0.0211368 0.00429885
7 0.0302462 0.693909 0.169111 0.106733
7 0.00578306 0.825227 0.147046 0.0219443
7 0.0107764 0.819272 0.146441 0.0235106
7 0.0959688 0.82606 0.0706562 0.00731498
7 0.00942017 0.840013 0.14859 0.00197715
18 0.0103243 0.343045 0.185199 0.461432
7 0.0358875 0.780993 0.1359 0.0472197
7 0.00217203 0.604297 0.350321 0.0432097
0 0.736298 0.122277 0.0534564 0.0879691
13 0.0215469 0.474054 0.499878 0.00452163
7 0.124326 0.589697 0.282338 0.00363918
7 0.134757 0.710217 0.138621 0.0164042
7 0.00764025 0.716467 0.272225 0.00366787
7 0.07778 0.73439 0.135448 0.0523821
7 0.262189 0.69395 0.0380775 0.00578376
7 0.194189 0.747477 0.0540591 0.00427435
7 0.0873732 0.741302 0.0714927 0.0998319
7 0.047217 0.55495 0.355216 0.0426174
7 0.110438 0.795532 0.0840368 0.00999347
7 0.125543 0.666042 0.061786 0.146629
7 0.0213797 0.899579 0.0616069 0.0174345
7 0.0411374 0.776236 0.14154 0.0410873
7 0.071539 0.783718 0.135867 0.0088762
7 0.104883 0.81953 0.0243446 0.0512428
7 0.0936807 0.703146 0.201709 0.00146483
7 0.0238512 0.774841 0.195514 0.00579349
13 0.011551 0.343893 0.442578 0.201978
7 0.0920325 0.803189 0.0368006 0.0679779
7 0.0284683 0.77471 0.166004 0.0308178
7 0.0929495 0.788428 0.0702433 0.0483794
7 0.062901 0.784298 0.142424 0.0103763
7 0.00393637 0.613885 0.0706214 0.311557
7 0.045324 0.837032 0.0869157 0.0307287
13 0.0119536 0.156165 0.497598 0.334283
7 0.0472733 0.776525 0.0487339 0.127468
13 0.0183107 0.360049 0.585592 0.0360476
7 0.0586263 0.621065 0.317404 0.00290485
18 0.0184566 0.416022 0.138724 0.426798
7 0.02305 0.893157 0.079933 0.00385979
7 0.0216354 0.763497 0.123052 0.0918149
13 0.016494 0.404803 0.475337 0.103365
7 0.0171825 0.768597 0.137104 0.0771166
7 0.07641 0.647944 0.139032 0.136614
7 0.0366763 0.814509 0.143465 0.00534954
7 0.105001 0.811124 0.0426627 0.0412119
7 0.0977014 0.828052 0.0138151 0.0604309
7 0.108368 0.748517 0.108921 0.0341941
13 0.0129935 0.419774 0.544444 0.0227883
7 0.0718955 0.791816 0.125887 0.0104015
0 0.642952 0.313766 0.0386754 0.00460672
7 0.0671459 0.678505 0.185143 0.0692058
7 0.0202355 0.832441 0.146942 0.000380884
13 0.188919 0.290209 0.502739 0.0181335
0 0.36525 0.353643 0.259486 0.0216209
7 0.047447 0.796194 0.146698 0.00966169
7 0.197257 0.543569 0.236015 0.0231595
7 0.367153 0.531327 0.0818833 0.019637
13 0.0332492 0.236439 0.63702 0.0932922
7 0.0218408 0.871763 0.0415978 0.0647982
7 0.379703 0.43547 0.11965 0.065177
13 0.039287 0.269953 0.560159 0.130601
7 0.0232811 0.600348 0.312797 0.0635741
7 0.104551 0.844787 0.0444579 0.00620416
7 0.0695395 0.640713 0.257049 0.0326984
7 0.0352222 0.729989 0.213587 0.0212021
7 0.0701316 0.755104 0.167735 0.00702997
7 0.102251 0.862168 0.0144443 0.0211372
7 0.103081 0.868137 0.0218152 0.00696666
13 0.015804 0.477407 0.488687 0.0181021
7 0.0601083 0.500082 0.417295 0.0225143
7 0.0509334 0.784323 0.138788 0.0259555
7 0.043448 0.623272 0.298604 0.0346763
7 0.146664 0.441659 0.330251 0.0814255
7 0.19968 0.710286 0.0790612 0.0109725
13 0.00952965 0.26483 0.498812 0.226829
7 0.167443 0.789463 0.0420415 0.00105304
7 0.102668 0.871668 0.0163798 0.00928341
18 0.0015278 0.175814 0.070388 0.75227
18 0.00705493 0.103937 0.384084 0.504923
7 0.0452518 0.784513 0.144723 0.0255119
7 0.128944 0.521658 0.252331 0.0970671
7 0.0737613 0.77656 0.144806 0.00487298
7 0.098408 0.767819 0.126926 0.00684637
7 0.0387885 0.667139 0.228845 0.0652272
7 0.0304785 0.426585 0.419292 0.123644
7 0.102927 0.8644 0.0301795 0.00249357
18 0.00184812 0.180677 0.119513 0.697962
7 0.410552 0.452589 0.133964 0.00289425
7 0.00263587 0.839949 0.148716 0.00869969
7 0.147845 0.624167 0.19134 0.0366477
7 0.0643105 0.668601 0.173051 0.0940376
7 0.0339528 0.481399 0.443273 0.0413757
7 0.0129075 0.80482 0.174621 0.00765177
13 0.0358667 0.366755 0.573294 0.0240847
7 0.10486 0.854873 0.03647 0.00379678
7 0.0778662 0.754758 0.152874 0.0145017
7 0.122858 0.584048 0.276372 0.0167209
7 0.0112766 0.824482 0.130044 0.0341972
7 0.0310192 0.596418 0.325499 0.0470638
7 0.0682565 0.739741 0.17049 0.021512
7 0.107784 0.570413 0.298559 0.0232433
0 0.728842 0.250689 0.019301 0.00116813
7 0.0595525 0.687934 0.206373 0.0461406
7 0.217485 0.71174 0.0641873 0.00658796
18 0.00139735 0.357638 0.265549 0.375416
0 0.674277 0.272688 0.051799 0.00123588
7 0.00794189 0.871348 0.111517 0.00919375
7 0.108037 0.591205 0.222941 0.0778172
13 0.0532572 0.158052 0.741513 0.0471778
7 0.0765666 0.770275 0.143452 0.00970725
7 0.141365 0.770509 0.0851435 0.0029825
7 0.0159152 0.735423 0.168274 0.0803873
13 0.0240824 0.195216 0.771332 0.00937013
13 0.0657335 0.201574 0.722457 0.0102359
18 0.0373507 0.0758444 0.393901 0.492904
13 0.00620241 0.0954056 0.76669 0.131702
13 0.0673848 0.0670118 0.594388 0.271216
13 0.189891 0.279825 0.518041 0.0122438
13 0.0139474 0.203067 0.773009 0.00997667
7 0.0208669 0.396463 0.332456 0.250214
13 0.00810721 0.0796503 0.553748 0.358494
13 0.0721553 0.237381 0.589263 0.101201
13 0.134575 0.159691 0.643957 0.0617773
13 0.133712 0.279578 0.563911 0.0227994
13 0.0312314 0.134179 0.821956 0.0126329
13 0.0867685 0.16574 0.734882 0.0126091
13 0.0490343 0.175968 0.742149 0.0328487
13 0.0617005 0.147482 0.747227 0.04359
13 0.0903087 0.0911965 0.810955 0.00753988
13 0.0937475 0.284677 0.482761 0.138815
13 0.203771 0.261141 0.478453 0.0566341
13 0.0499549 0.176777 0.753519 0.0197489
13 0.0106783 0.177484 0.784457 0.02738
13 0.0662995 0.172055 0.713909 0.0477358
13 0.00145843 0.0462693 0.543558 0.408715
13 0.0283134 0.19703 0.677795 0.0968619
0 0.384769 0.243971 0.337306 0.0339539
13 0.121766 0.188503 0.645836 0.0438949
13 0.138717 0.102527 0.741593 0.0171629
13 0.100996 0.0610241 0.801975 0.0360047
0 0.808981 0.0710455 0.116713 0.00325963
13 0.101771 0.152903 0.743728 0.00159849
13 0.0283285 0.102892 0.630621 0.238158
13 0.0624067 0.251203 0.658533 0.0278573
13 0.0844405 0.146256 0.76304 0.00626334
13 0.0069126 0.1779 0.738239 0.0769483
13 0.003115 0.0605543 0.597829 0.338501
13 0.0641664 0.177135 0.746665 0.0120329
13 0.042337 0.188086 0.618247 0.151329
13 0.0113698 0.324011 0.510724 0.153895
13 0.116825 0.0643752 0.76862 0.0501792
13 0.048347 0.170365 0.772976 0.00831195
7 0.172471 0.616345 0.174076 0.0371083
13 0.123934 0.35837 0.486899 0.0307968
18 0.0267662 0.115239 0.395128 0.462867
13 0.122732 0.130495 0.715568 0.0312051
13 0.0267762 0.118105 0.789481 0.0656378
13 0.0404738 0.0568893 0.794403 0.108233
13 0.0488135 0.177852 0.730073 0.0432619
13 0.0520093 0.316019 0.619437 0.0125346
13 0.0157438 0.112062 0.619288 0.252906
13 0.0874298 0.384246 0.494638 0.0336857
13 0.0908452 0.111691 0.579691 0.217773
13 0.0261227 0.0908909 0.754156 0.12883
13 0.0495082 0.083808 0.573398 0.293286
13 0.0291495 0.114784 0.525881 0.330185
13 0.152818 0.16107 0.682981 0.00313089
13 0.0279257 0.0543785 0.887977 0.0297192
13 0.283835 0.07194 0.562031 0.0821941
13 0.0431137 0.0619465 0.778352 0.116588
13 0.0563435 0.376281 0.478825 0.0885497
13 0.0364941 0.177323 0.770455 0.0157279
13 0.0440128 0.380778 0.442202 0.133007
13 0.192314 0.244471 0.547329 0.0158856
13 0.0394971 0.41193 0.529631 0.0189417
13 0.0611884 0.177775 0.753181 0.00785556
18 0.0125248 0.0362396 0.144926 0.80631
13 0.0229604 0.322193 0.603101 0.0517449
13 0.0152968 0.0907375 0.866601 0.027365
18 0.0100981 0.123651 0.381118 0.485134
13 0.0555632 0.16733 0.702257 0.0748495
13 0.0504103 0.0996049 0.663005 0.18698
13 0.0875546 0.177381 0.731617 0.00344688
13 0.196917 0.314151 0.477989 0.0109431
13 0.100485 0.15134 0.735656 0.0125182
13 0.0165234 0.0870053 0.662923 0.233549
13 0.0393652 0.166757 0.70777 0.0861079
13 0.0336323 0.13075 0.770403 0.065215
18 0.00489033 0.0612096 0.447702 0.486198
13 0.051817 0.404494 0.495698 0.0479911
13 0.0948679 0.14235 0.678769 0.0840124
13 0.0422685 0.175926 0.747114 0.0346913
13 0.00460396 0.160766 0.72353 0.111101
18 0.00172353 0.201507 0.191905 0.604864
13 0.0522174 0.176299 0.747526 0.0239576
13 0.128432 0.140712 0.72985 0.00100605
13 0.083171 0.0633394 0.852113 0.00137704
13 0.0378471 0.170674 0.772496 0.0189834
13 0.00961846 0.113842 0.653258 0.223281
13 0.0233434 0.169829 0.762974 0.0438527
13 0.0217759 0.0598095 0.795272 0.123142
13 0.0532276 0.128867 0.766705 0.0512005
13 0.0166939 0.17788 0.733917 0.0715086
0 0.373213 0.313137 0.306035 0.00761496
13 0.092716 0.0987808 0.724271 0.0842319
0 0.416757 0.28552 0.271457 0.0262659
13 0.0180431 0.37614 0.48182 0.123997
13 0.0231361 0.27196 0.575086 0.129817
13 0.0154387 0.131649 0.832687 0.0202252
13 0.058814 0.175112 0.733625 0.032449
13 0.0881347 0.183843 0.719495 0.00852718
13 0.00963798 0.158433 0.74915 0.0827791
13 0.110224 0.162021 0.695454 0.0323008
13 0.189826 0.313615 0.36877 0.12779
13 0.0377973 0.125637 0.746063 0.0905028
13 0.0238387 0.07516 0.794574 0.106428
13 0.139761 0.0646743 0.788327 0.00723782
13 0.284231 0.2272 0.476171 0.0123985
13 0.0697022 0.167523 0.741742 0.0210329
13 0.122294 0.114051 0.746612 0.0170433
0 0.71413 0.119699 0.142598 0.0235732
13 0.143327 0.072538 0.779186 0.00494902
13 0.0911519 0.145851 0.67862 0.0843767
13 0.025755 0.179187 0.783608 0.0114502
13 0.00421559 0.101695 0.473929 0.420161
13 0.0595549 0.205345 0.72873 0.00637071
13 0.013575 0.0743773 0.786547 0.1255
13 0.059773 0.122574 0.788578 0.0290754
13 0.0110642 0.156848 0.570396 0.261691
13 0.00270338 0.175577 0.733701 0.0880188
7 0.130969 0.464273 0.399044 0.005715
13 0.215368 0.188444 0.563697 0.0324908
13 0.00848077 0.160938 0.686028 0.144554
13 0.027523 0.135024 0.783777 0.0536761
13 0.0319539 0.0997324 0.738464 0.12985
0 0.468699 0.0911504 0.414866 0.0252848
13 0.0615617 0.162314 0.523521 0.252604
13 0.00868627 0.121023 0.605041 0.265249
13 0.042276 0.261989 0.680543 0.015192
13 0.0298815 0.305518 0.595449 0.069151
18 0.00416962 0.0715666 0.332342 0.591922
13 0.0775906 0.161675 0.743835 0.0168991
13 0.0296172 0.185529 0.769013 0.0158412
13 0.127531 0.174567 0.690761 0.00714116
13 0.0025653 0.152101 0.670644 0.17469
13 0.00376594 0.0533052 0.698245 0.244684
13 0.00572809 0.449124 0.489356 0.0557921
13 0.0537022 0.155322 0.693395 0.0975805
13 0.00637655 0.0783504 0.678147 0.237126
13 0.101206 0.0712051 0.790967 0.0366218
13 0.0892054 0.152956 0.725258 0.0325803
13 0.018317 0.201611 0.638176 0.141896
13 0.186188 0.0884401 0.718838 0.00653417
13 0.234459 0.366767 0.385024 0.0137504
13 0.0789472 0.152857 0.683809 0.0843868
7 0.0312881 0.502285 0.278486 0.187941
13 0.0939576 0.160666 0.739108 0.00626853
13 0.0844219 0.164535 0.722874 0.0281689
13 0.0127058 0.0308582 0.953715 0.00272105
13 0.207488 0.113852 0.675679 0.00298088
13 0.020609 0.176668 0.764254 0.0384687
13 0.00456643 0.180018 0.799051 0.0163651
13 0.0380958 0.101293 0.603119 0.257493
13 0.0376411 0.173641 0.716274 0.0724443
13 0.103742 0.0619597 0.792926 0.0413732
7 0.180371 0.569451 0.238912 0.0112659
13 0.0643884 0.32623 0.58308 0.0263009
13 0.0262914 0.177612 0.762422 0.0336748
13 0.0558354 0.125588 0.806109 0.0124681
13 0.0428947 0.135376 0.69563 0.126099
13 0.0344209 0.120962 0.668161 0.176456
0 0.482337 0.0543441 0.452085 0.0112339
7 0.0114098 0.702644 0.257933 0.0280125
13 0.0333329 0.071148 0.734765 0.160754
13 0.11903 0.119135 0.704143 0.0576926
13 0.008564 0.156021 0.819923 0.0154923
13 0.0739988 0.305836 0.618606 0.00155838
13 0.00624448 0.143838 0.752216 0.0977015
13 0.140412 0.133853 0.722345 0.00339115
13 0.0146107 0.150897 0.780822 0.0536707
13 0.0678981 0.268626 0.650765 0.0127106
13 0.0833821 0.270965 0.582263 0.0633902
13 0.0061863 0.0396465 0.607404 0.346763
13 0.0560838 0.231826 0.639316 0.0727742
13 0.0339146 0.106244 0.671013 0.188828
13 0.0292052 0.0627715 0.8649 0.0431238
13 0.0170649 0.220022 0.709877 0.053036
13 0.00805648 0.104767 0.461604 0.425572
0 0.947863 0.0247224 0.0261093 0.00130493
18 0.0173892 0.0740433 0.393198 0.515369
13 0.0571588 0.0761555 0.704541 0.162144
13 0.0936667 0.177819 0.67017 0.0583449
13 0.10445 0.145133 0.733004 0.0174133
13 0.00726261 0.179528 0.773525 0.0396836
13 0.0194011 0.127395 0.755341 0.0978623
13 0.0727116 0.172641 0.669093 0.0855543
13 0.00258775 0.0843058 0.871626 0.0414806
13 0.00620736 0.201598 0.554948 0.237248
13 0.0554515 0.172139 0.737792 0.0346178
13 0.00687572 0.136491 0.724291 0.132342
7 0.0319156 0.61232 0.344513 0.0112511
13 0.0191173 0.270149 0.496162 0.214572
7 0.0446698 0.503708 0.444378 0.00724443
13 0.084335 0.392863 0.43568 0.0871217
13 0.0230641 0.0798077 0.685112 0.212016
13 0.108843 0.202172 0.670617 0.0183685
13 0.0115759 0.216423 0.675541 0.0964598
13 0.248331 0.0974236 0.617991 0.0362547
13 0.259621 0.316993 0.394626 0.0287606
13 0.0224134 0.17802 0.779368 0.0201986
7 0.163252 0.467604 0.274446 0.0946988
13 0.154616 0.268631 0.564698 0.0120543
18 0.00391536 0.10489 0.413997 0.477198
13 0.00977858 0.101183 0.581531 0.307508
7 0.0426575 0.499643 0.371835 0.0858643
7 0.228611 0.378586 0.366359 0.0264445
13 0.0365339 0.361962 0.591327 0.0101769
13 0.0317189 0.168882 0.738671 0.0607273
13 0.00380799 0.0644484 0.612386 0.319358
13 0.117201 0.300008 0.568561 0.0142302
13 0.0900951 0.109315 0.680392 0.120197
13 0.0661209 0.0605155 0.852804 0.0205595
13 0.0315293 0.116729 0.732209 0.119533
13 0.0212479 0.0644218 0.874957 0.0393735
13 0.0296047 0.315343 0.543559 0.111493
13 0.0976919 0.143629 0.716706 0.0419738
13 0.0416222 0.280412 0.585563 0.0924027
13 0.00653834 0.0910694 0.559388 0.343004
13 0.0333221 0.08414 0.866397 0.0161407
13 0.00304784 0.35789 0.634937 0.00412534
13 0.0122445 0.130477 0.759999 0.0972791
13 0.0112781 0.10758 0.563065 0.318077
13 0.0179086 0.180385 0.791265 0.0104418
13 0.0190426 0.189329 0.782037 0.00959124
13 0.0681002 0.147551 0.77131 0.0130381
13 0.0109116 0.178884 0.781948 0.0282563
13 0.0128377 0.173088 0.741127 0.0729475
13 0.11463 0.305667 0.572035 0.00766829
13 0.00143121 0.0818875 0.871674 0.0450073
13 0.104214 0.0904605 0.786141 0.0191839
13 0.30052 0.202215 0.466158 0.0311071
13 0.0105503 0.188339 0.709806 0.0913043
13 0.00983219 0.180311 0.7509 0.0589566
13 0.0790598 0.172654 0.743349 0.00493724
13 0.0178953 0.088488 0.880735 0.0128815
13 0.0342485 0.108922 0.729517 0.127312
18 0.00072656 0.0608198 0.414961 0.523493
13 0.061197 0.0704193 0.856594 0.01179
13 0.00846473 0.12603 0.862022 0.00348245
18 0.0263825 0.106429 0.396145 0.471043
13 0.00292274 0.117677 0.867542 0.0118584
7 0.00617846 0.560166 0.385791 0.0478648
7 0.0410982 0.680151 0.161874 0.116877
13 0.0477776 0.176451 0.770104 0.00566808
13 0.0263383 0.35383 0.535628 0.0842035
13 0.0119315 0.063027 0.735219 0.189823
13 0.0116207 0.064046 0.809774 0.11456
13 0.0362708 0.0552881 0.51309 0.395351
13 0.0513063 0.131635 0.662639 0.15442
13 0.06808 0.0735831 0.79397 0.0643667
18 0.0015942 0.0509851 0.0734239 0.873997
13 0.359185 0.20059 0.385115 0.0551103
13 0.0074914 0.114686 0.710103 0.167719
13 0.0188775 0.135051 0.698988 0.147084
13 0.0630211 0.287412 0.59959 0.0499772
13 0.0131942 0.17699 0.518162 0.291653
13 0.0857327 0.168247 0.736011 0.0100101
18 0.0130392 0.0809348 0.375896 0.53013
7 0.0262676 0.448626 0.425277 0.0998303
13 0.0122772 0.0837012 0.776656 0.127365
13 0.0452112 0.402908 0.50043 0.0514501
7 0.323559 0.334863 0.311014 0.0305637
13 0.0414769 0.175341 0.774814 0.00836789
13 0.05578 0.0735809 0.742569 0.12807
13 0.00745837 0.130672 0.475128 0.386742
13 0.280182 0.112753 0.547807 0.0592584
13 0.228444 0.133657 0.624144 0.013755
13 0.160587 0.192665 0.626611 0.0201366
13 0.0526282 0.266084 0.637318 0.0439701
13 0.0268579 0.109757 0.525517 0.337868
13 0.069667 0.156611 0.747303 0.0264185
18 0.00111833 0.0810002 0.331928 0.585953
13 0.0192764 0.180734 0.792302 0.0076868
13 0.00273834 0.0588697 0.674011 0.264381
0 0.660283 0.158503 0.179269 0.00194522
13 0.030466 0.185957 0.725474 0.0581028
13 0.32924 0.128868 0.539289 0.00260324
13 0.138974 0.082049 0.771731 0.00724553
13 0.0066898 0.264744 0.464275 0.264292
13 0.134914 0.321956 0.535917 0.00721372
7 0.11068 0.369897 0.227285 0.292138
18 0.00161474 0.132749 0.291397 0.57424
13 0.0790305 0.355266 0.514319 0.0513844
13 0.0324094 0.314232 0.65007 0.00328821
13 0.0151457 0.039614 0.512688 0.432552
7 0.0962004 0.415857 0.356615 0.131327
13 0.0774882 0.101373 0.652607 0.168532
13 0.0137551 0.0931153 0.804707 0.0884224
13 0.0344605 0.133653 0.710528 0.121358
7 0.0336494 0.536377 0.413185 0.0167886
13 0.0557693 0.175387 0.700006 0.0688375
18 0.0086253 0.114694 0.282766 0.593915
13 0.00858951 0.109229 0.842508 0.0396729
13 0.188136 0.236193 0.570889 0.00478276
13 0.072378 0.170776 0.746837 0.0100085
13 0.0487645 0.355443 0.58884 0.00695266
13 0.114667 0.1137 0.768547 0.00308596
13 0.0134916 0.180114 0.789624 0.0167703
13 0.0376416 0.17153 0.740102 0.0507257
13 0.0849251 0.153497 0.691336 0.0702417
13 0.0255917 0.199173 0.762592 0.0126433
13 0.0128328 0.107723 0.622984 0.25646
13 0.0443182 0.158303 0.733447 0.0639315
13 0.0145618 0.0766222 0.628828 0.279988
13 0.0784949 0.124785 0.693181 0.103539
13 0.0140324 0.28369 0.680887 0.0213905
13 0.0138564 0.163193 0.752752 0.0701984
18 0.00567175 0.0638627 0.356691 0.573775
7 0.0459706 0.386558 0.356863 0.210609
13 0.0188419 0.104315 0.779614 0.097229
13 0.0377502 0.0313959 0.859194 0.0716604
13 0.0224045 0.177784 0.729351 0.0704604
13 0.0775596 0.253861 0.652669 0.0159097
13 0.0513671 0.0434343 0.732811 0.172387
18 0.0116925 0.073437 0.367311 0.547559
7 0.0310563 0.559327 0.395801 0.0138156
7 0.0183859 0.388713 0.361413 0.231488
13 0.0892854 0.0745122 0.738748 0.0974542
13 0.0174623 0.179199 0.781798 0.021541
7 0.0399177 0.664956 0.231587 0.0635396
13 0.0276964 0.159398 0.71074 0.102165
13 0.018496 0.161879 0.808434 0.0111908
13 0.015295 0.13434 0.724728 0.125637
13 0.0849825 0.0672184 0.519536 0.328263
13 0.117132 0.345324 0.486985 0.0505592
13 0.0800538 0.33147 0.58266 0.00581556
13 0.0212615 0.172889 0.753772 0.0520777
13 0.0855879 0.108477 0.794574 0.0113608
13 0.00690986 0.0678864 0.675594 0.24961
13 0.128265 0.253425 0.57612 0.0421899
13 0.0239743 0.11323 0.846064 0.0167322
13 0.115774 0.103595 0.76867 0.0119616
13 0.0663812 0.165631 0.680537 0.0874505
13 0.17656 0.299533 0.511712 0.0121944
13 0.053133 0.236554 0.705086 0.0052267
18 0.00723171 0.0402189 0.307868 0.644681
13 0.0453675 0.0456279 0.882649 0.0263555
13 0.0360166 0.0786101 0.769576 0.115797
13 0.00553815 0.229724 0.692977 0.0717606
18 0.00201782 0.055089 0.407034 0.535859
7 0.0836166 0.486153 0.428369 0.00186149
13 0.00702281 0.181935 0.801692 0.00935052
0 0.484728 0.243838 0.266122 0.00531169
7 0.0118132 0.653476 0.153059 0.181652
18 0.0143003 0.0971504 0.0569893 0.83156
18 0.0171882 0.0797234 0.140371 0.762717
13 0.0410464 0.356895 0.426764 0.175295
18 0.00519431 0.160626 0.127151 0.707029
7 0.277851 0.571991 0.058285 0.0918732
18 0.00129473 0.0504307 0.120619 0.827656
18 0.00736332 0.302786 0.0782516 0.611599
18 0.000399068 0.0951878 0.0485553 0.855858
18 0.00609299 0.0867952 0.0591652 0.847947
18 0.0318353 0.122844 0.0490996 0.796221
13 0.0179149 0.0640606 0.52523 0.392795
13 0.0165874 0.125795 0.77422 0.0833982
18 0.0202827 0.0870047 0.377726 0.514987
13 0.0132955 0.0642774 0.534454 0.387973
18 0.00587412 0.10606 0.310346 0.577719
18 0.0172598 0.074052 0.198442 0.710246
18 0.00194531 0.1258 0.108161 0.764093
13 0.00907619 0.224423 0.415601 0.3509
18 0.0103954 0.0896245 0.155415 0.744565
18 0.00495477 0.091755 0.129658 0.773632
18 0.012462 0.0335523 0.170789 0.783196
18 0.00748126 0.0817442 0.251364 0.65941
13 0.0117499 0.138975 0.466647 0.382628
18 0.0185206 0.184595 0.136072 0.660812
18 0.0226596 0.128465 0.0912663 0.757609
18 0.0137126 0.0304788 0.0716014 0.884207
18 0.0231728 0.102666 0.26154 0.612621
18 0.00403549 0.0730944 0.136777 0.786093
18 0.00062066 0.0336619 0.0335207 0.932197
18 0.0029776 0.0813692 0.208382 0.707272
18 0.0283483 0.169649 0.189601 0.612402
13 0.0256822 0.0608795 0.639241 0.274197
18 0.0695976 0.0813489 0.111931 0.737123
18 0.00276664 0.0308364 0.0493563 0.917041
18 0.00532775 0.0564389 0.277824 0.660409
18 0.00501932 0.0672382 0.161617 0.766126
7 0.0966618 0.509589 0.11503 0.278719
18 0.00207233 0.161944 0.207378 0.628605
18 0.0187294 0.275307 0.268449 0.437515
18 0.00962363 0.0566791 0.137583 0.796114
18 0.00831747 0.102612 0.133063 0.756007
18 0.00570009 0.110904 0.127282 0.756113
18 0.0022541 0.037041 0.0363811 0.924324
18 0.00420625 0.0758059 0.172184 0.747804
18 0.0082066 0.0961589 0.21627 0.679364
18 0.000759081 0.0656014 0.128527 0.805112
18 0.0334406 0.0192907 0.139379 0.80789
13 0.0211531 0.135286 0.745543 0.0980179
18 0.00333377 0.0880586 0.152433 0.756175
18 0.00233268 0.0829788 0.129998 0.784691
18 0.00238818 0.213444 0.364543 0.419625
18 0.00478206 0.0221984 0.0287392 0.94428
18 0.00282055 0.105287 0.13229 0.759603
18 0.0089034 0.0633863 0.255023 0.672687
18 0.0238144 0.180372 0.0886882 0.707125
7 0.174248 0.406408 0.104109 0.315235
18 0.0765286 0.203168 0.0979769 0.622326
18 0.00672046 0.0865259 0.137176 0.769577
18 0.00995311 0.0716742 0.213177 0.705196
18 0.00140088 0.109963 0.0909394 0.797697
18 0.073732 0.0734068 0.214072 0.638789
18 0.0120657 0.107993 0.0547228 0.825218
18 0.0150697 0.277267 0.209345 0.498318
18 0.025313 0.173998 0.149435 0.651254
18 0.0150145 0.12688 0.0992027 0.758903
18 0.00123291 0.0512853 0.0150329 0.932449
0 0.41109 0.405277 0.0816364 0.101996
13 0.0943172 0.198646 0.382118 0.324919
18 0.0252102 0.0802712 0.142796 0.751723
18 0.0148872 0.096753 0.176003 0.712356
18 0.0179206 0.0749718 0.297716 0.609392
18 0.00613228 0.0608701 0.0764627 0.856535
18 0.00231937 0.0141549 0.0798621 0.903664
18 0.0156024 0.122162 0.299158 0.563078
13 0.00776145 0.235575 0.603124 0.153539
7 0.0110774 0.637389 0.051176 0.300357
18 0.000897614 0.0423569 0.154204 0.802542
18 0.0178139 0.0258016 0.140009 0.816376
18 0.00300517 0.0267375 0.139504 0.830754
18 0.0208431 0.0753297 0.227781 0.676046
18 0.0076098 0.0824278 0.137235 0.772728
13 0.0554131 0.344492 0.428126 0.171968
18 0.00774246 0.0476868 0.228729 0.715842
13 0.0128376 0.218447 0.592782 0.175934
18 0.00971218 0.102543 0.279284 0.608461
18 0.00324529 0.0389837 0.0483416 0.909429
18 0.00109334 0.0365242 0.0860096 0.876373
18 0.0242596 0.0694537 0.432567 0.47372
18 0.0326467 0.287685 0.127072 0.552596
18 0.00173239 0.0587995 0.0175668 0.921901
18 0.00620189 0.0545617 0.0625734 0.876663
18 0.00720286 0.0663778 0.18881 0.73761
18 0.00472457 0.0793891 0.133871 0.782015
13 0.0451835 0.143273 0.639701 0.171842
18 0.00122807 0.0126365 0.0987348 0.887401
13 0.0235045 0.0642504 0.685652 0.226594
13 0.0160837 0.138381 0.541337 0.304198
