labels 13 0 7 18
13 0.543539 0.0794833 0.289481 0.0874973
0 0.0123955 0.88599 0.10011 0.00150421
0 0.0551484 0.758494 0.157147 0.0292101
0 0.0439045 0.889171 0.0662058 0.000718402
0 0.0638736 0.599304 0.326265 0.0105571
0 0.374112 0.538822 0.0777119 0.00935376
0 0.00558235 0.935432 0.0543252 0.00466053
0 0.0328577 0.895646 0.0700982 0.0013978
0 0.0510983 0.844599 0.101526 0.00277717
0 0.193664 0.706052 0.0604359 0.0398487
0 0.0165925 0.923871 0.0569505 0.00258635
0 0.292774 0.577152 0.0771015 0.0529718
0 0.0122736 0.884758 0.0995245 0.00344348
0 0.155241 0.622481 0.197521 0.0247562
7 0.0286486 0.438712 0.517708 0.0149309
0 0.0322489 0.937587 0.0254112 0.00475307
0 0.0104635 0.914617 0.0580346 0.0168848
0 0.359832 0.590166 0.04696 0.00304257
0 0.276314 0.439743 0.246751 0.0371927
0 0.0076031 0.76384 0.221396 0.00716098
0 0.00223543 0.906456 0.0897137 0.00159541
0 0.0161695 0.861944 0.11818 0.00370679
0 0.0941611 0.801897 0.101058 0.0028841
0 0.0668905 0.859401 0.0573588 0.0163494
7 0.102949 0.22105 0.635336 0.0406646
0 0.238287 0.655716 0.0491922 0.056805
0 0.0369613 0.865364 0.0972233 0.000451444
0 0.307301 0.46916 0.137186 0.0863534
0 0.0131462 0.886397 0.0996917 0.000764668
0 0.00822053 0.878682 0.110859 0.00223793
0 0.00450034 0.888374 0.100086 0.0070398
13 0.712104 0.189546 0.053054 0.0452953
0 0.035154 0.84807 0.0990361 0.0177397
0 0.187961 0.707339 0.0713724 0.0333282
0 0.058653 0.827471 0.106398 0.00747853
0 0.0705654 0.832986 0.0937175 0.00273119
0 0.041177 0.785762 0.171453 0.00160786
0 0.0727001 0.7214 0.16468 0.0412203
0 0.131292 0.78245 0.0843713 0.00188681
0 0.0195782 0.854116 0.0998391 0.0264668
0 0.269333 0.648743 0.0558042 0.0261194
0 0.0198574 0.918171 0.0532831 0.00868886
0 0.0655115 0.84141 0.090981 0.00209707
0 0.0515271 0.836465 0.100868 0.0111402
0 0.0156582 0.87553 0.099527 0.00928481
0 0.0295299 0.868746 0.0975339 0.00419066
0 0.00283061 0.921702 0.0744222 0.00104477
0 0.029246 0.848244 0.0996057 0.0229038
0 0.0232412 0.874849 0.0995666 0.00234325
0 0.0164559 0.81027 0.168268 0.00500645
0 0.033727 0.854359 0.103009 0.00890541
0 0.0110028 0.897543 0.0767568 0.0146972
0 0.0680088 0.776266 0.1434 0.0123255
0 0.237277 0.680941 0.0718898 0.00989261
0 0.0594407 0.825104 0.0995431 0.0159118
0 0.00567196 0.941494 0.0518923 0.000941596
0 0.0619458 0.88494 0.0461057 0.00700879
0 0.0181742 0.880678 0.0997583 0.00138978
7 0.0241768 0.404217 0.55283 0.0187763
0 0.0432518 0.895737 0.0593279 0.00168376
0 0.267231 0.603239 0.117534 0.0119961
0 0.0233262 0.878109 0.0949174 0.00364696
0 0.124382 0.754226 0.0943434 0.0270489
0 0.00274647 0.983806 0.0125224 0.000924876
0 0.0252473 0.936667 0.0371272 0.00095834
13 0.71565 0.0683207 0.208649 0.00738055
0 0.135131 0.626963 0.216225 0.0216808
0 0.0417098 0.869601 0.0701907 0.0184989
0 0.054415 0.768325 0.171205 0.00605507
0 0.0286011 0.857565 0.100019 0.0138152
0 0.0717055 0.652981 0.270319 0.00499446
0 0.0123376 0.971854 0.012618 0.00319001
0 0.00670217 0.955335 0.0319412 0.00602201
0 0.00952155 0.888122 0.099998 0.00235829
0 0.0524269 0.851032 0.0960357 0.000505484
0 0.0142072 0.817633 0.168025 0.000135167
0 0.00376882 0.977004 0.0184172 0.000809962
0 0.0066562 0.931286 0.0586405 0.00341739
0 0.0483199 0.68733 0.242342 0.0220085
0 0.0218146 0.867987 0.0997455 0.0104533
0 0.00463002 0.893959 0.100795 0.000615621
0 0.0513988 0.843678 0.100599 0.00432422
0 0.360461 0.489201 0.119824 0.0305134
0 0.0409431 0.851846 0.106159 0.00105245
0 0.00485975 0.892356 0.10062 0.00216521
0 0.203047 0.517761 0.218863 0.0603286
0 0.0227865 0.872618 0.0968821 0.00771315
0 0.00496882 0.963308 0.0311303 0.00059281
0 0.0583602 0.704902 0.224619 0.012119
0 0.034333 0.859834 0.100234 0.00559989
0 0.0629879 0.845873 0.0883467 0.00279266
0 0.0718481 0.800715 0.0992423 0.0281941
0 0.0183586 0.869542 0.0997114 0.0123882
0 0.0156147 0.847779 0.132808 0.0037977
0 0.0189002 0.871598 0.0980772 0.0114242
0 0.0761839 0.80683 0.0987638 0.0182221
0 0.310817 0.456095 0.222898 0.0101892
0 0.0685278 0.816576 0.0944788 0.0204175
0 0.0126848 0.860529 0.125229 0.00155767
0 0.0281605 0.870834 0.0962111 0.00479424
0 0.0453297 0.608292 0.343804 0.00257426
0 0.010146 0.965038 0.022175 0.00264127
0 0.126993 0.477411 0.391659 0.00393712
13 0.784445 0.0428628 0.139943 0.0327489
0 0.0374925 0.753885 0.193812 0.01481
0 0.0625919 0.913137 0.0237664 0.00050454
0 0.000596982 0.930332 0.067825 0.00124611
0 0.0506191 0.842626 0.101386 0.00536903
13 0.533032 0.16542 0.291027 0.0105213
0 0.00753115 0.842172 0.149606 0.000691312
0 0.0810825 0.84249 0.0720863 0.00434109
0 0.0140942 0.867924 0.0996931 0.0182889
0 0.0210636 0.847949 0.12443 0.00655811
0 0.0462932 0.814618 0.09841 0.0406783
0 0.00843185 0.889131 0.100282 0.00215486
0 0.0544146 0.841983 0.101225 0.00237671
0 0.0407108 0.855979 0.101467 0.00184341
0 0.0509668 0.477833 0.440282 0.0309182
0 0.00149262 0.961014 0.0360328 0.00146058
0 5.01044e-05 0.990411 0.00918905 0.000350306
0 0.0343533 0.862906 0.0990242 0.00371642
13 0.77119 0.0801014 0.136359 0.0123497
0 0.0111433 0.938621 0.0494737 0.000761551
0 0.0118907 0.901838 0.0828363 0.00343455
0 0.00552476 0.919733 0.0620144 0.0127283
0 0.0846034 0.727188 0.162868 0.0253408
0 0.0175507 0.809511 0.172407 0.000530783
0 0.36787 0.451374 0.159876 0.0208807
13 0.707096 0.101509 0.127629 0.0637666
0 0.0522408 0.747578 0.171021 0.0291602
0 0.218892 0.500745 0.234927 0.0454363
0 0.018105 0.953167 0.0283451 0.000382639
0 0.323386 0.4724 0.178134 0.0260799
0 0.00368917 0.958493 0.0323008 0.00551667
0 0.0560306 0.822249 0.100403 0.0213177
13 0.462782 0.240453 0.128655 0.16811
0 0.0456641 0.856937 0.0954636 0.00193523
0 0.00113225 0.949106 0.0490202 0.000741825
0 0.0506426 0.845117 0.101522 0.00271903
0 0.0133964 0.915766 0.0689257 0.00191171
0 0.0582516 0.721406 0.208709 0.0116341
0 0.263269 0.349902 0.344577 0.0422522
0 0.0245072 0.918691 0.0544613 0.00234048
18 0.279713 0.216864 0.124741 0.378682
0 0.0180308 0.882137 0.0794849 0.0203476
0 2.67785e-05 0.99319 0.00637195 0.000411523
0 0.0877132 0.784928 0.0926718 0.0346872
0 0.0129553 0.932223 0.0540706 0.000751166
0 0.077657 0.901658 0.0140523 0.00663275
0 0.0330669 0.52823 0.426498 0.0122051
0 0.00593938 0.946717 0.0464298 0.000913519
0 0.0304944 0.865897 0.0978538 0.00575483
0 0.0338852 0.776145 0.186308 0.00366198
0 0.149972 0.769922 0.0764489 0.00365693
0 0.293612 0.396531 0.147656 0.162201
0 0.013175 0.885597 0.0995619 0.0016656
0 0.0344002 0.658334 0.304787 0.00247856
0 0.0374568 0.557518 0.393805 0.0112197
0 0.00749188 0.888861 0.100497 0.00314981
13 0.442115 0.2883 0.252526 0.0170588
0 0.147633 0.65107 0.185015 0.0162825
0 0.046652 0.734439 0.214822 0.00408707
0 0.0437293 0.850124 0.101106 0.00504087
0 0.0256612 0.932663 0.0377868 0.00388949
0 0.00134409 0.897108 0.101198 0.000349255
7 0.0751521 0.0228548 0.8966 0.0053933
0 0.119131 0.778196 0.0910829 0.0115904
0 0.0135265 0.918437 0.0648897 0.00314635
0 0.341205 0.446718 0.20869 0.00338744
13 0.546891 0.064594 0.361069 0.0274466
0 0.00249942 0.894276 0.100783 0.00244154
0 0.0663485 0.828304 0.104263 0.00108457
0 0.0739055 0.810192 0.103644 0.0122582
13 0.362434 0.182765 0.349301 0.105501
0 0.0541074 0.83444 0.100621 0.0108313
0 0.0600856 0.68804 0.223342 0.0285327
0 0.0814588 0.778996 0.109351 0.030194
0 4.51714e-05 0.991098 0.00882435 3.28902e-05
0 0.0178689 0.880833 0.0993086 0.00198952
0 0.0841438 0.526276 0.384239 0.0053414
0 0.0357148 0.708035 0.236773 0.0194779
0 0.0312084 0.867455 0.0996514 0.00168576
0 0.127807 0.717434 0.140891 0.0138679
0 0.120159 0.718967 0.140604 0.0202697
0 0.00354167 0.824993 0.168705 0.00276027
7 0.350041 0.18603 0.407058 0.0568706
0 0.00385858 0.886252 0.10326 0.00662985
0 0.0156101 0.942662 0.0361583 0.00557016
0 0.0178397 0.868719 0.0989346 0.0145064
0 0.0634744 0.837668 0.0981674 0.000690331
0 0.327725 0.571937 0.0919884 0.0083493
13 0.634545 0.1676 0.0722522 0.125603
13 0.374874 0.342131 0.127639 0.155356
0 0.00732513 0.88368 0.0996862 0.00930864
0 0.263371 0.405642 0.286305 0.0446818
0 0.0189174 0.869405 0.110584 0.00109415
0 0.137792 0.586952 0.0470925 0.228163
0 0.0272253 0.868636 0.0966507 0.00748791
0 0.0226446 0.873758 0.100212 0.00338565
0 0.0465476 0.766452 0.181783 0.00521736
0 0.316374 0.519553 0.128423 0.0356501
0 0.078141 0.830454 0.0796638 0.0117415
0 0.0643228 0.805854 0.0970566 0.0327661
0 0.167791 0.683774 0.0650907 0.0833444
0 0.0424976 0.853698 0.0993561 0.00444812
0 0.00588477 0.941994 0.051909 0.000211876
0 0.255527 0.494322 0.0603661 0.189785
0 0.0677286 0.798724 0.128281 0.00526575
0 0.00521251 0.944226 0.0452088 0.00535246
0 0.0490779 0.764433 0.170499 0.0159898
0 0.0381145 0.927413 0.034131 0.000341082
0 0.122117 0.567924 0.265831 0.0441277
0 0.0593157 0.839851 0.0998339 0.000999055
0 0.143669 0.709561 0.117606 0.0291639
0 0.00297942 0.913235 0.0802212 0.0035645
0 0.00902431 0.958596 0.030581 0.00179886
0 0.00309817 0.965441 0.0310628 0.000398241
13 0.47595 0.0201505 0.0505992 0.453301
0 0.0107352 0.95536 0.0334448 0.000459752
0 2.16279e-05 0.996388 0.00116369 0.00242658
0 0.209953 0.512235 0.129569 0.148243
7 0.0827482 0.335191 0.572963 0.00909811
7 0.123346 0.122823 0.74297 0.0108608
7 0.206783 0.0499469 0.738343 0.00492745
7 0.0901462 0.113171 0.789702 0.00698086
7 0.176305 0.0343327 0.625312 0.164051
18 0.0361476 0.00779748 0.027644 0.928411
7 0.0470483 0.228853 0.682452 0.0416462
7 0.0696595 0.0728885 0.825042 0.0324104
7 0.140317 0.0623859 0.723659 0.0736381
7 0.10852 0.0192205 0.837786 0.0344733
0 0.289119 0.449714 0.246688 0.0144781
7 0.254172 0.0315318 0.652236 0.0620599
7 0.0763293 0.106689 0.782788 0.0341942
7 0.269568 0.0483723 0.584554 0.0975065
7 0.105274 0.00260582 0.843193 0.0489266
7 0.150069 0.0193333 0.777593 0.0530049
0 0.149371 0.466026 0.379229 0.00537309
7 0.136722 0.0749096 0.782406 0.00596269
7 0.256458 0.0335693 0.536607 0.173366
7 0.158416 0.154094 0.591524 0.0959654
7 0.296679 0.0573848 0.620722 0.0252136
7 0.28404 0.303749 0.407918 0.00429317
7 0.307615 0.00328084 0.414085 0.275019
7 0.112227 0.0423766 0.841931 0.00346561
7 0.15957 0.0348422 0.744815 0.0607729
7 0.418584 0.0254333 0.553721 0.00226123
7 0.278716 0.0971292 0.587466 0.0366894
18 0.183348 0.0244647 0.360479 0.431709
7 0.20226 0.0397165 0.752769 0.00525463
7 0.298738 0.102618 0.577255 0.0213886
7 0.0977705 0.0566558 0.842963 0.00261089
7 0.128456 0.0157833 0.845163 0.0105973
0 0.0398062 0.538275 0.419758 0.00216129
7 0.295359 0.0392063 0.570834 0.0946003
7 0.0956938 0.0781702 0.793766 0.0323697
7 0.135106 0.0973553 0.729879 0.0376601
13 0.501031 0.0904682 0.401994 0.00650775
7 0.401531 0.150308 0.412685 0.0354758
7 0.150825 0.0076794 0.794769 0.0467264
7 0.15125 0.0111521 0.779623 0.0579746
7 0.0565366 0.0981042 0.830379 0.01498
7 0.126467 0.33961 0.516715 0.017208
7 0.0928752 0.0276356 0.866099 0.0133899
7 0.149563 0.0472477 0.776949 0.0262407
7 0.0957176 0.0777847 0.663077 0.163421
7 0.0651089 0.0497532 0.869131 0.0160065
7 0.0248533 0.0224156 0.940192 0.0125387
7 0.155691 0.274141 0.537782 0.0323863
13 0.53015 0.00746896 0.371441 0.0909401
7 0.18529 0.058071 0.74357 0.0130698
0 0.00320186 0.549429 0.442742 0.00462657
13 0.467817 0.0517367 0.446962 0.0334838
7 0.0995492 0.224445 0.641032 0.0349735
7 0.0493254 0.107528 0.799168 0.0439784
7 0.15209 0.0317969 0.804273 0.0118401
7 0.0747994 0.168644 0.74924 0.00731691
7 0.195082 0.0225441 0.628181 0.154193
7 0.183479 0.0739838 0.738049 0.00448827
7 0.232368 0.0239895 0.731472 0.0121703
7 0.00764008 0.0240423 0.965596 0.00272189
13 0.774454 0.0176323 0.202867 0.00504693
7 0.161599 0.0494766 0.775403 0.0135218
7 0.121633 0.0240542 0.706143 0.148171
7 0.374278 0.0323576 0.477193 0.116171
7 0.276386 0.00361824 0.590144 0.129852
13 0.424778 0.219483 0.338902 0.0168367
7 0.195343 0.0345948 0.687512 0.0825508
7 0.132035 0.019355 0.8251 0.0235105
7 0.186782 0.106597 0.679136 0.0274853
7 0.0814168 0.111154 0.802576 0.00485363
13 0.559525 0.0319432 0.302334 0.106197
7 0.0165241 0.104753 0.868649 0.010074
7 0.384157 0.0657266 0.522752 0.0273641
7 0.333704 0.0722901 0.545848 0.0481582
7 0.383492 0.106661 0.472436 0.0374105
7 0.139018 0.0939089 0.756206 0.0108679
7 0.422552 0.118429 0.444305 0.014714
7 0.0652446 0.0278853 0.897624 0.00924642
7 0.294863 0.00541718 0.694843 0.00487672
7 0.112996 0.0201369 0.852567 0.0143006
7 0.183482 0.103903 0.709484 0.00313116
7 0.025962 0.0529709 0.912574 0.00849268
7 0.029938 0.117707 0.829442 0.0229125
7 0.264071 0.0265696 0.413168 0.296192
7 0.145682 0.0310017 0.790845 0.0324717
7 0.0139324 0.115992 0.86875 0.00132625
7 0.255455 0.0688235 0.634594 0.0411271
7 0.0539023 0.0409784 0.898382 0.00673766
7 0.331028 0.133395 0.510098 0.0254796
7 0.231091 0.00846719 0.506573 0.253869
7 0.0384603 0.0891869 0.868503 0.00384946
7 0.00966723 0.288271 0.690147 0.0119146
7 0.0286723 0.0724604 0.885415 0.0134528
13 0.528214 0.0128938 0.4063 0.0525925
7 0.0796822 0.107781 0.7791 0.0334364
7 0.00806943 0.00937303 0.978762 0.00379507
7 0.429887 0.0612779 0.497006 0.0118287
7 0.152683 0.00673549 0.820462 0.0201186
7 0.0818378 0.0883572 0.74074 0.089065
7 0.0305624 0.0175529 0.931968 0.0199164
7 0.0466164 0.240132 0.679387 0.0338642
7 0.100924 0.0826899 0.798287 0.018099
7 0.129197 0.162198 0.704523 0.00408127
13 0.723129 0.0587697 0.200338 0.017763
7 0.10484 0.231655 0.649081 0.0144246
7 0.0324225 0.224457 0.734661 0.00845971
7 0.0469409 0.10651 0.83976 0.00678928
7 0.292731 0.0876882 0.612158 0.00742294
7 0.148538 0.0793795 0.751781 0.0203012
13 0.61995 0.165842 0.14827 0.0659372
7 0.0257493 0.445876 0.517958 0.0104171
7 0.129615 0.0595245 0.764167 0.0466933
13 0.696971 0.0133428 0.152679 0.137007
7 0.414151 0.0417653 0.532497 0.0115862
7 0.055279 0.325186 0.574713 0.0448227
7 0.0812449 0.288418 0.598805 0.0315324
7 0.108166 0.0621547 0.819122 0.0105567
7 0.0422181 0.119276 0.826898 0.0116082
0 0.172176 0.501177 0.307643 0.0190044
7 0.0158572 0.195433 0.779868 0.0088427
7 0.396255 0.05869 0.537982 0.00707255
13 0.504939 0.0473862 0.439882 0.0077932
13 0.567118 0.0605582 0.211589 0.160735
7 0.131583 0.100543 0.728598 0.0392762
7 0.0309414 0.105207 0.861917 0.00193478
7 0.104319 0.170569 0.61172 0.113392
13 0.451323 0.0191779 0.365079 0.16442
7 0.0776425 0.106996 0.808219 0.00714329
7 0.0970541 0.1073 0.766054 0.0295917
7 0.120302 0.0559455 0.782415 0.0413371
7 0.0227688 0.0104167 0.941674 0.0251407
7 0.287015 0.0697003 0.533011 0.110273
7 0.0812528 0.0207121 0.893268 0.00476704
7 0.233462 0.00714226 0.71773 0.0416658
7 0.0902992 0.0130538 0.835761 0.0608855
7 0.202117 0.00613187 0.682741 0.10901
7 0.0400997 0.246543 0.699716 0.0136414
7 0.0131834 0.0457799 0.935355 0.00568144
7 0.0851766 0.0359782 0.787156 0.0916889
7 0.026928 0.353064 0.604949 0.0150587
18 0.0421388 0.00424284 0.312347 0.641271
7 0.136207 0.0974242 0.759287 0.00708132
7 0.047519 0.0561849 0.882725 0.0135708
7 0.113164 0.0978701 0.765687 0.0232784
7 0.153377 0.0683641 0.776323 0.00193589
7 0.0750094 0.10577 0.771041 0.0481802
7 0.0236309 0.0675156 0.90113 0.00772362
7 0.102247 0.0243027 0.654893 0.218557
7 0.346262 0.0242 0.53807 0.0914676
7 0.214357 0.0166043 0.732657 0.0363824
7 0.11582 0.0051598 0.851629 0.0273921
7 0.215712 0.0749144 0.630466 0.078908
7 0.11201 0.32249 0.563569 0.00193106
7 0.351821 0.156164 0.447588 0.0444263
7 0.15183 0.0443845 0.775735 0.0280503
7 0.140347 0.0739233 0.768193 0.0175359
7 0.152705 0.0679109 0.772147 0.00723652
7 0.109054 0.238606 0.643459 0.00888049
18 0.161512 0.00524393 0.285565 0.547679
7 0.337512 0.142078 0.470647 0.0497631
7 0.0857519 0.0209386 0.882161 0.0111485
7 0.186306 0.111555 0.679852 0.0222868
7 0.00629692 0.0169274 0.972983 0.00379286
7 0.0120838 0.0124498 0.964197 0.0112699
7 0.116128 0.103279 0.739434 0.0411596
18 0.13807 0.0102833 0.278645 0.573001
0 0.0832694 0.837608 0.0715631 0.00755908
7 0.0158792 0.104623 0.8742 0.00529688
7 0.108168 0.0903662 0.717095 0.0843717
7 0.0818036 0.0186417 0.866078 0.0334766
7 0.0740308 0.245626 0.671757 0.0085856
7 0.065617 0.223833 0.705805 0.0047446
7 0.249204 0.129022 0.61444 0.00733425
7 0.326908 0.0429942 0.563285 0.0668125
7 0.149929 0.0548996 0.779812 0.0153592
7 0.0120952 0.401433 0.583201 0.00327039
7 0.0281318 0.0809827 0.868763 0.0221229
7 0.19325 0.0204746 0.772609 0.0136669
7 0.0700191 0.0149677 0.552952 0.362062
7 0.0255569 0.10506 0.84864 0.0207425
7 0.103236 0.103858 0.77757 0.015336
7 0.0193699 0.104587 0.859188 0.0168557
13 0.406641 0.0248571 0.406631 0.161871
7 0.0373231 0.0197268 0.927225 0.0157249
7 0.148198 0.00241925 0.832864 0.0165193
0 0.0684352 0.4867 0.442694 0.00217015
7 0.0458128 0.0266328 0.843312 0.0842424
7 0.461749 0.015573 0.467176 0.055502
7 0.0858038 0.0379792 0.83054 0.0456772
7 0.151933 0.0275904 0.798099 0.0223776
18 0.140591 0.0181397 0.332465 0.508805
0 0.0485828 0.561303 0.387885 0.00222905
7 0.247407 0.0204375 0.540094 0.192062
13 0.599684 0.0229827 0.248502 0.128832
7 0.102805 0.0830938 0.758462 0.0556391
7 0.12031 0.0533773 0.732846 0.0934672
7 0.0923904 0.0439094 0.842985 0.0207156
7 0.0388977 0.122383 0.815551 0.0231683
7 0.0153421 0.0818206 0.895513 0.00732399
7 0.087713 0.220716 0.681307 0.0102637
13 0.534066 0.0257434 0.428259 0.0119322
7 0.113339 0.110699 0.772791 0.00317113
7 0.0670344 0.30691 0.601664 0.024392
7 0.0471587 0.0316143 0.902171 0.0190559
7 0.052771 0.0272823 0.798874 0.121073
7 0.0168628 0.105455 0.840346 0.0373359
7 0.0131399 0.140981 0.841963 0.00391625
7 0.0357833 0.376599 0.579682 0.00793496
7 0.0512684 0.106452 0.818782 0.0234978
13 0.589645 0.0132586 0.321484 0.0756121
7 0.140261 0.0383506 0.754575 0.066813
7 0.410426 0.0841001 0.471479 0.0339947
7 0.199983 0.094025 0.675648 0.0303435
7 0.298382 0.0107959 0.673856 0.0169665
7 0.13612 0.0977618 0.761003 0.00511453
7 0.0134643 0.144831 0.837412 0.0042925
7 0.0109569 0.0133787 0.963937 0.0117275
18 0.146223 0.0932449 0.304045 0.456488
7 0.261596 0.14408 0.552512 0.0418113
7 0.0566215 0.105717 0.831894 0.0057674
7 0.099379 0.0588146 0.737765 0.104042
7 0.0600898 0.363305 0.57177 0.00483426
7 0.105178 0.221515 0.661441 0.0118656
7 0.368537 0.125348 0.474903 0.0312123
7 0.30962 0.0410843 0.606325 0.042971
7 0.0207138 0.104867 0.867402 0.00701786
7 0.278768 0.042657 0.651242 0.0273337
13 0.461374 0.241734 0.275734 0.0211585
7 0.103309 0.00780413 0.702108 0.186778
7 0.14454 0.0885448 0.763655 0.00325995
13 0.491616 0.0863861 0.330427 0.091571
7 0.151599 0.0198902 0.773007 0.0555035
0 0.256325 0.484775 0.254455 0.00444539
7 0.373176 0.0613619 0.546033 0.019429
7 0.101712 0.010193 0.849512 0.0385827
13 0.617746 0.0309506 0.312326 0.0389778
7 0.430889 0.0107665 0.494645 0.0636991
7 0.272913 0.166765 0.553001 0.00732025
7 0.096938 0.0209789 0.847021 0.0350619
7 0.346847 0.0645524 0.544092 0.0445084
7 0.124305 0.0975037 0.716064 0.0621276
7 0.111588 0.0454491 0.779676 0.0632877
7 0.086896 0.0412587 0.862543 0.00930253
7 0.0308468 0.00440261 0.961054 0.00369613
7 0.367194 0.00672048 0.601494 0.0245919
13 0.408278 0.226638 0.351445 0.0136388
13 0.653434 0.00646038 0.3129 0.0272053
7 0.0143511 0.233601 0.718753 0.0332949
13 0.746796 0.0115436 0.12255 0.119111
7 0.0659259 0.223823 0.699197 0.0110545
13 0.794209 0.0486244 0.0811219 0.076045
7 0.0926676 0.206921 0.67383 0.026582
7 0.264343 0.0305004 0.640464 0.0646927
7 0.0179084 0.111078 0.854991 0.0160232
13 0.407162 0.0498579 0.355959 0.18702
18 0.432854 0.0175794 0.111269 0.438298
7 0.165612 0.188377 0.627807 0.0182037
7 0.0252436 0.105191 0.863084 0.00648124
13 0.480362 0.0396785 0.467901 0.0120584
18 0.0406303 0.00695577 0.17913 0.773284
7 0.157708 0.0742928 0.765598 0.00240057
7 0.1798 0.0382802 0.77749 0.00443016
7 0.120368 0.116746 0.737385 0.0255009
7 0.279228 0.00999284 0.649751 0.0610283
7 0.296296 0.108808 0.587478 0.00741774
7 0.310403 0.0588691 0.540224 0.0905046
7 0.154757 0.2214 0.587487 0.0363567
7 0.103194 0.0546195 0.820504 0.021683
7 0.0724893 0.00395171 0.894759 0.0288003
7 0.142582 0.0970103 0.724725 0.0356829
7 0.101235 0.0353201 0.845727 0.0177181
18 0.392553 0.0127597 0.152351 0.442336
7 0.0687088 0.107049 0.80891 0.0153318
7 0.236919 0.0709522 0.638678 0.053451
7 0.154654 0.0544258 0.783546 0.00737456
7 0.131854 0.00658856 0.858944 0.00261383
18 0.297981 0.00150464 0.273773 0.426741
7 0.0736872 0.108707 0.807117 0.0104889
18 0.222742 0.00604468 0.382016 0.389197
7 0.222037 0.0291964 0.711052 0.0377152
7 0.30971 0.0576593 0.59005 0.0425813
7 0.0894034 0.0140012 0.498532 0.398063
13 0.441508 0.0499789 0.235455 0.273057
7 0.153179 0.0263719 0.81681 0.00363898
13 0.636567 0.0177115 0.256769 0.0889528
7 0.257856 0.09704 0.611609 0.0334943
7 0.228164 0.028575 0.733872 0.00938862
13 0.609427 0.0176921 0.347897 0.0249836
13 0.494678 0.095496 0.384935 0.0248904
7 0.109376 0.108912 0.724198 0.0575146
7 0.0687482 0.178414 0.741613 0.0112251
7 0.147295 0.0525267 0.698007 0.102171
7 0.0374372 0.102377 0.846677 0.013508
7 0.322248 0.0128041 0.645574 0.0193739
18 0.337147 0.00320527 0.234374 0.425273
7 0.112755 0.106251 0.739797 0.041197
13 0.406155 0.00419924 0.375387 0.214259
7 0.150873 0.0215212 0.822639 0.00496684
7 0.0238812 0.0144508 0.947785 0.013883
7 0.0427433 0.355024 0.566952 0.03528
7 0.0413372 0.107248 0.831772 0.0196428
0 0.103397 0.525125 0.357332 0.0141453
18 0.183136 0.0340296 0.270757 0.512077
7 0.118887 0.00683806 0.870006 0.0042689
7 0.136701 0.0743128 0.718875 0.0701111
7 0.108804 0.200651 0.687664 0.0028811
7 0.0438584 0.0442772 0.826956 0.0849088
13 0.582815 0.0422157 0.295019 0.0799503
7 0.289264 0.0439052 0.654244 0.0125871
7 0.323826 0.0781269 0.588268 0.00977944
18 0.293767 0.0109185 0.28829 0.407025
7 0.183292 0.17445 0.613206 0.0290523
7 0.0290299 0.106008 0.840335 0.0246272
7 0.117224 0.0821862 0.794712 0.00587757
7 0.0538396 0.0102922 0.906183 0.0296854
7 0.0146367 0.104949 0.87121 0.00920425
7 0.180083 0.0250598 0.789302 0.00555534
7 0.0591034 0.0278217 0.826297 0.0867777
7 0.435886 0.0391509 0.486799 0.0381639
18 0.0697173 0.00609487 0.110727 0.813461
7 0.105057 0.141172 0.73138 0.0223915
7 0.247248 0.00545603 0.423943 0.323353
7 0.292146 0.044325 0.566028 0.0975013
7 0.0963923 0.0334667 0.845822 0.0243194
7 0.209758 0.0428611 0.637633 0.109747
7 0.085569 0.112559 0.764871 0.037001
7 0.00445617 0.10497 0.881426 0.00914797
13 0.712664 0.0922028 0.163752 0.0313807
13 0.504936 0.0181977 0.474636 0.00223032
13 0.720976 0.0149028 0.198428 0.0656928
7 0.358151 0.141951 0.475298 0.0246003
13 0.758137 0.0102405 0.0955842 0.136038
0 0.228906 0.534299 0.229026 0.00776848
13 0.683037 0.0713072 0.235507 0.0101483
13 0.556045 0.21972 0.212627 0.0116079
7 0.313119 0.0196109 0.644895 0.022375
13 0.766548 0.061148 0.0492066 0.123098
13 0.46388 0.109525 0.399337 0.0272579
13 0.702101 0.0443391 0.170997 0.082563
13 0.910639 0.00934028 0.0445163 0.0355048
13 0.732822 0.0735148 0.171027 0.0226355
13 0.847032 0.0946702 0.0367831 0.0215152
13 0.791585 0.0151013 0.11732 0.0759934
13 0.810275 0.0229337 0.103084 0.0637067
13 0.684643 0.0841495 0.224207 0.00700028
13 0.708877 0.025118 0.170689 0.0953157
13 0.423163 0.054905 0.1654 0.356532
13 0.796089 0.0512927 0.0921632 0.0604548
13 0.651163 0.00474972 0.0588245 0.285262
13 0.792587 0.0201464 0.177567 0.00969985
13 0.618074 0.0475833 0.143551 0.190792
13 0.777449 0.0075119 0.0382345 0.176805
13 0.762021 0.0483169 0.169246 0.0204161
13 0.778389 0.00788113 0.176574 0.0371556
13 0.547116 0.050703 0.10396 0.29822
13 0.518023 0.369085 0.0980526 0.0148395
13 0.742778 0.00841255 0.177264 0.0715454
13 0.650889 0.0113251 0.137549 0.200238
13 0.620172 0.0398875 0.152109 0.187831
13 0.690218 0.0897402 0.121185 0.098856
13 0.808934 0.0251107 0.155695 0.0102602
13 0.747915 0.153439 0.0755069 0.0231398
13 0.698837 0.0438167 0.107593 0.149753
13 0.755431 0.00493795 0.127295 0.112336
13 0.769684 0.0433083 0.175927 0.0110805
13 0.879297 0.00232779 0.0790081 0.0393676
13 0.540912 0.0182289 0.205478 0.235381
13 0.802188 0.0281127 0.145149 0.02455
13 0.504422 0.0432624 0.103789 0.348527
7 0.322482 0.234101 0.420162 0.0232548
0 0.154186 0.60444 0.24096 0.000414214
13 0.774002 0.0149215 0.106614 0.104463
18 0.201639 0.0281931 0.241754 0.528414
13 0.730115 0.0292382 0.164898 0.0757486
13 0.707912 0.0424349 0.223409 0.0262445
13 0.531474 0.00675804 0.0707007 0.391067
13 0.76133 0.0259964 0.193621 0.0190526
13 0.842814 0.0534416 0.0965734 0.00717149
13 0.73781 0.0305799 0.2169 0.0147094
13 0.588898 0.165613 0.241119 0.00437067
13 0.702512 0.0326761 0.170632 0.0941797
13 0.728785 0.00990599 0.107115 0.154194
13 0.709456 0.148314 0.140135 0.00209436
13 0.517606 0.0906786 0.383931 0.00778421
13 0.792284 0.0168516 0.185218 0.00564625
13 0.740142 0.00877869 0.116616 0.134463
13 0.511781 0.0107779 0.0746464 0.402794
13 0.785671 0.00957723 0.176617 0.0281342
13 0.390397 0.291975 0.264773 0.0528556
18 0.321444 0.0166596 0.19902 0.462876
13 0.52411 0.020212 0.216955 0.238723
13 0.730123 0.00179895 0.24384 0.0242376
13 0.720532 0.0576467 0.164708 0.0571135
13 0.629605 0.0202981 0.181236 0.16886
13 0.676961 0.0867365 0.121179 0.115124
13 0.802462 0.00654723 0.141017 0.0499737
13 0.770881 0.0574434 0.116824 0.0548513
13 0.603273 0.11048 0.238326 0.0479221
13 0.758791 0.0170831 0.170116 0.05401
13 0.855639 0.0211712 0.0990337 0.0241561
13 0.46217 0.0162423 0.167578 0.35401
13 0.81769 0.0113529 0.163808 0.00714947
13 0.730394 0.0598555 0.172038 0.0377132
13 0.82774 0.00278939 0.146347 0.0231241
13 0.675071 0.0158668 0.138322 0.170741
7 0.264144 0.0116953 0.696837 0.0273232
18 0.177821 0.00213427 0.0739307 0.746114
13 0.543342 0.0532215 0.394517 0.00891893
13 0.739016 0.104628 0.143852 0.0125037
13 0.517181 0.0150747 0.383338 0.0844068
13 0.77134 0.113314 0.108613 0.00673345
18 0.337492 0.00361989 0.0622758 0.596613
7 0.269499 0.138702 0.562499 0.0293002
7 0.419821 0.072176 0.462698 0.0453055
13 0.871113 0.027874 0.09465 0.00636267
13 0.526165 0.129849 0.301495 0.0424915
7 0.384891 0.0158188 0.58919 0.0101005
13 0.544445 0.191669 0.254098 0.00978898
13 0.76424 0.103503 0.1019 0.0303568
13 0.722957 0.0740303 0.164371 0.0386416
13 0.493273 0.0105597 0.284009 0.212159
13 0.771124 0.0110426 0.190665 0.0271688
13 0.656309 0.00367379 0.0648416 0.275176
13 0.616602 0.134616 0.225209 0.0235729
13 0.794049 0.04217 0.115781 0.0480009
13 0.688723 0.0450297 0.135508 0.130739
7 0.378331 0.00592034 0.594866 0.0208833
7 0.354764 0.0810581 0.506672 0.0575059
13 0.7257 0.00400352 0.166881 0.103416
13 0.825929 0.023038 0.135839 0.015194
13 0.686687 0.0942562 0.199548 0.0195091
13 0.716481 0.0164507 0.143293 0.123775
13 0.584252 0.00586893 0.0873517 0.322528
7 0.217339 0.0511274 0.705527 0.0260062
13 0.833504 0.0187346 0.139281 0.00847977
13 0.876721 0.0153568 0.0898923 0.0180301
13 0.425374 0.181611 0.368562 0.0244534
13 0.756063 0.107545 0.127498 0.00889447
13 0.65751 0.0329791 0.306197 0.00331351
13 0.56849 0.0409916 0.133325 0.257194
13 0.829745 0.0258202 0.0876903 0.0567443
18 0.192878 0.0183007 0.0422498 0.746572
13 0.607237 0.0110306 0.107884 0.273849
13 0.736264 0.0700999 0.171404 0.0222323
18 0.365053 0.00292316 0.0573405 0.574684
13 0.73348 0.113756 0.122664 0.0300997
13 0.49366 0.0632749 0.441487 0.00157737
13 0.852663 0.030275 0.0693301 0.0477314
13 0.547417 0.17196 0.269831 0.0107924
13 0.455108 0.00556793 0.31076 0.228565
7 0.0346333 0.454454 0.503996 0.0069164
7 0.423484 0.0416933 0.526785 0.00803822
7 0.0869596 0.0480439 0.859358 0.00563854
13 0.683304 0.073671 0.0961368 0.146888
7 0.250145 0.0123958 0.716775 0.020684
13 0.705498 0.11233 0.129588 0.0525847
13 0.730415 0.064425 0.136567 0.0685933
7 0.402483 0.088365 0.442271 0.066881
13 0.603799 0.00573319 0.315971 0.0744968
7 0.439299 0.0109118 0.513603 0.0361866
13 0.816504 0.0293191 0.0557692 0.0984076
13 0.803777 0.0425561 0.073204 0.0804629
13 0.769847 0.0115043 0.171238 0.0474109
13 0.736743 0.0370974 0.176408 0.0497521
0 0.221762 0.400875 0.374664 0.0026987
13 0.465148 0.0546809 0.319043 0.161128
13 0.758215 0.0587062 0.0679231 0.115156
13 0.669868 0.0743316 0.13961 0.11619
13 0.544711 0.243696 0.171476 0.0401178
13 0.783909 0.0551161 0.141875 0.0190999
13 0.734405 0.125166 0.131805 0.00862466
13 0.733696 0.00931562 0.171742 0.0852458
13 0.731715 0.0459621 0.119149 0.103174
13 0.701804 0.0309285 0.161996 0.105271
13 0.800588 0.078033 0.0698756 0.051503
13 0.513382 0.0313962 0.384255 0.0709672
13 0.821925 0.00461101 0.0775179 0.0959458
13 0.689192 0.0513309 0.138613 0.120864
18 0.426831 0.00882124 0.088975 0.475373
13 0.682174 0.0552674 0.155259 0.1073
13 0.742797 0.0267932 0.10963 0.12078
13 0.454014 0.00684369 0.0988463 0.440297
13 0.470646 0.151089 0.367355 0.0109103
13 0.8134 0.00215521 0.0674968 0.116948
13 0.686454 0.117899 0.177256 0.0183916
13 0.736112 0.111712 0.127698 0.0244787
13 0.629586 0.0508079 0.303781 0.0158244
13 0.79009 0.0356917 0.085922 0.0882964
13 0.624346 0.0211593 0.331359 0.0231353
13 0.79715 0.0496876 0.0586217 0.0945409
13 0.770611 0.00317111 0.126409 0.0998086
13 0.59975 0.112959 0.207266 0.0800256
13 0.614268 0.0424448 0.32926 0.0140271
13 0.586827 0.0139938 0.0439231 0.355256
13 0.760274 0.113701 0.100259 0.0257665
13 0.610348 0.0738375 0.296365 0.0194497
13 0.537778 0.035715 0.23165 0.194857
13 0.651303 0.0630059 0.198854 0.0868365
13 0.791796 0.00311815 0.178394 0.0266915
13 0.507467 0.259369 0.178363 0.0548013
13 0.742053 0.0885317 0.164072 0.00534335
0 0.1764 0.620938 0.187016 0.0156458
13 0.621614 0.0208027 0.255523 0.10206
13 0.621558 0.0448141 0.286148 0.04748
13 0.550286 0.116307 0.168834 0.164572
13 0.787984 0.00943628 0.177523 0.025057
18 0.251989 0.00559712 0.117455 0.624959
13 0.727896 0.109956 0.125841 0.0363068
13 0.601343 0.031061 0.356778 0.0108183
13 0.490815 0.119624 0.38119 0.00837092
13 0.769627 0.0296071 0.152784 0.0479814
13 0.75104 0.0937512 0.0863984 0.0688106
13 0.767477 0.0448547 0.171789 0.0158798
13 0.803486 0.0304709 0.13823 0.0278134
13 0.832418 0.037486 0.122645 0.00745107
13 0.662658 0.120036 0.195461 0.021845
13 0.514063 0.00610965 0.390884 0.0889435
13 0.856 0.0145988 0.0851453 0.0442563
13 0.490519 0.100081 0.398046 0.011354
18 0.404027 0.0209651 0.0823563 0.492652
13 0.490453 0.0174613 0.209533 0.282552
13 0.647867 0.158555 0.109125 0.0844527
13 0.707502 0.0196983 0.134496 0.138304
13 0.713172 0.0194773 0.142722 0.124629
13 0.659731 0.0129821 0.255699 0.0715884
13 0.692049 0.0521308 0.124937 0.130883
13 0.794769 0.0334661 0.110951 0.0608135
18 0.331856 0.0277602 0.0756317 0.564752
13 0.758448 0.0444928 0.124794 0.0722653
13 0.635502 0.0391346 0.319634 0.00572981
13 0.702172 0.0598874 0.22082 0.01712
7 0.438012 0.0406949 0.490017 0.0312765
13 0.77057 0.087378 0.135214 0.00683796
13 0.790067 0.00393539 0.114547 0.0914503
13 0.658939 0.047877 0.178734 0.11445
13 0.804964 0.100538 0.069748 0.0247493
13 0.516065 0.0365825 0.368107 0.0792447
13 0.618148 0.0404524 0.235723 0.105676
13 0.743003 0.0914636 0.161611 0.00392262
13 0.489295 0.00520807 0.265183 0.240314
13 0.428958 0.216626 0.147775 0.206641
13 0.780441 0.0912273 0.122508 0.0058233
13 0.759042 0.0592831 0.177192 0.00448253
7 0.388042 0.0262645 0.542541 0.0431532
13 0.56544 0.107388 0.254505 0.072667
13 0.700548 0.0284682 0.211796 0.0591878
13 0.667415 0.0216609 0.138963 0.171961
13 0.541955 0.0518906 0.237113 0.169041
13 0.672156 0.0169753 0.18271 0.128158
13 0.779112 0.0309775 0.174377 0.0155335
0 0.313501 0.484703 0.149805 0.0519906
13 0.724396 0.0132073 0.171533 0.0908643
13 0.526521 0.00727571 0.280265 0.185939
13 0.657596 0.0305275 0.240911 0.0709656
0 0.238116 0.595243 0.130871 0.0357698
18 0.276103 0.0153878 0.232442 0.476067
13 0.792136 0.0128604 0.13504 0.0599636
13 0.803054 0.0112114 0.0878193 0.0979157
7 0.379224 0.184781 0.401173 0.0348212
13 0.721534 0.0202751 0.125532 0.132658
13 0.641732 0.0707246 0.168108 0.119435
7 0.403459 0.129114 0.447254 0.0201727
13 0.806022 0.0692731 0.0975682 0.0271364
13 0.710809 0.0395368 0.15147 0.0981849
13 0.581943 0.149178 0.218794 0.0500857
13 0.80312 0.0890112 0.0966494 0.0112193
13 0.442823 0.156752 0.328642 0.0717832
13 0.530049 0.0330481 0.0510583 0.385845
13 0.7642 0.0171442 0.184314 0.0343423
13 0.551596 0.0445941 0.060135 0.343675
13 0.454759 0.155347 0.296084 0.09381
13 0.68679 0.0813018 0.166584 0.065324
18 0.40479 0.0225196 0.0711554 0.501535
18 0.249716 0.0012083 0.048492 0.700584
7 0.308202 0.0492071 0.482729 0.159862
13 0.744357 0.0329183 0.219572 0.00315252
13 0.609229 0.0130746 0.183383 0.194313
13 0.809014 0.0149655 0.134713 0.0413067
13 0.594927 0.00952291 0.0634571 0.332093
13 0.645632 0.00341559 0.124467 0.226485
13 0.632075 0.014178 0.278651 0.0750958
13 0.571997 0.288823 0.128002 0.0111779
13 0.717301 0.0674162 0.158844 0.0564393
13 0.767953 0.0239038 0.187362 0.0207817
13 0.833624 0.00705164 0.0317674 0.127557
13 0.712112 0.0175406 0.265461 0.00488571
13 0.684223 0.0966484 0.137176 0.0819524
0 0.196207 0.427202 0.324698 0.0518933
13 0.808477 0.00242086 0.0695018 0.1196
7 0.242199 0.00866107 0.69696 0.0521801
13 0.708827 0.00238174 0.250086 0.0387056
18 0.392858 0.00748617 0.0592884 0.540367
7 0.342742 0.0185678 0.552178 0.0865116
18 0.191275 0.00521992 0.0574861 0.746019
13 0.714892 0.0758478 0.0944322 0.114828
13 0.707799 0.0722943 0.0740432 0.145863
13 0.62356 0.22192 0.143483 0.0110374
13 0.520466 0.044157 0.20532 0.230057
13 0.628689 0.0742216 0.122718 0.174371
13 0.896912 0.00385777 0.057334 0.0418957
13 0.606148 0.0948431 0.283841 0.0151673
18 0.243913 0.00172606 0.143323 0.611039
13 0.878853 0.0135106 0.0495458 0.05809
13 0.858691 0.00210866 0.0738289 0.0653713
13 0.621948 0.154417 0.212982 0.0106532
13 0.691954 0.0622601 0.171325 0.0744609
13 0.766168 0.0285631 0.177053 0.0282167
13 0.589049 0.288032 0.115158 0.00776124
13 0.856601 0.0389037 0.0944186 0.0100772
13 0.694757 0.144524 0.154629 0.0060897
13 0.81669 0.0318417 0.090203 0.0612656
7 0.133772 0.053674 0.808878 0.0036757
13 0.568967 0.0463891 0.182285 0.202359
13 0.707169 0.0619349 0.21853 0.0123655
13 0.830763 0.0087726 0.146527 0.0139379
7 0.291959 0.054742 0.621007 0.0322919
13 0.491838 0.147902 0.348742 0.011519
13 0.942051 0.00892788 0.036405 0.0126165
13 0.65124 0.01296 0.0880101 0.24779
13 0.685283 0.0340003 0.174384 0.106332
7 0.368067 0.181827 0.437724 0.012382
13 0.733131 0.0677737 0.129955 0.0691394
13 0.476417 0.00811576 0.0683287 0.447138
13 0.753158 0.0577742 0.176262 0.0128062
18 0.379137 0.0408738 0.0889641 0.491025
18 0.428437 0.0358474 0.104945 0.430771
13 0.606982 0.0769577 0.228342 0.0877181
13 0.654519 0.0218241 0.102748 0.220909
13 0.809804 0.0241018 0.115655 0.0504397
0 0.344124 0.374372 0.275665 0.00583936
13 0.536511 0.0679309 0.372202 0.0233557
13 0.624842 0.00355557 0.136784 0.234817
7 0.422906 0.0160592 0.556528 0.00450645
13 0.631959 0.0182168 0.0816953 0.268129
18 0.204123 0.0257055 0.0446726 0.725499
13 0.691374 0.133842 0.118106 0.0566789
13 0.719196 0.0265811 0.173965 0.0802582
13 0.593476 0.00493721 0.0328425 0.368745
13 0.611885 0.106027 0.0999101 0.182177
13 0.586384 0.0492444 0.283696 0.0806761
7 0.325087 0.0574519 0.589603 0.0278583
13 0.557273 0.0408512 0.293225 0.108651
13 0.742845 0.0814406 0.151816 0.0238984
13 0.631471 0.0760129 0.162732 0.129785
18 0.209499 0.0108112 0.0544739 0.725216
13 0.473084 0.0220124 0.167216 0.337688
13 0.60834 0.028042 0.121815 0.241803
13 0.610303 0.00301926 0.037746 0.348932
0 0.216244 0.516807 0.250101 0.0168476
13 0.777288 0.0526888 0.0414445 0.128579
18 0.408395 0.0468447 0.0247112 0.52005
13 0.802372 0.00821874 0.0728309 0.116579
13 0.86391 0.00852871 0.0599471 0.067614
18 0.352892 0.0214235 0.0408005 0.584884
13 0.806685 0.0535841 0.064457 0.0752738
13 0.535239 0.0324788 0.318663 0.113619
7 0.0231321 0.476296 0.494462 0.0061099
13 0.413191 0.159046 0.360752 0.067011
13 0.798794 0.0174414 0.178852 0.00491184
13 0.704491 0.112435 0.133151 0.0499231
13 0.833875 0.0917074 0.0695174 0.00490036
13 0.514309 0.0314765 0.116215 0.338
13 0.671161 0.0375811 0.186203 0.105055
13 0.520025 0.0235614 0.227833 0.22858
13 0.854194 0.0257477 0.0822217 0.037837
13 0.439091 0.0367157 0.11761 0.406583
13 0.518605 0.0309855 0.101024 0.349385
13 0.575125 0.202041 0.201451 0.0213829
18 0.0921223 0.00814136 0.127402 0.772334
18 0.220835 0.00592881 0.0703049 0.702931
18 0.169641 0.0127787 0.0818079 0.735772
18 0.393607 0.0364771 0.0687427 0.501173
18 0.143542 0.00779423 0.0827451 0.765918
18 0.225515 0.00485495 0.141402 0.628227
18 0.121579 0.00115964 0.0538159 0.823445
13 0.482566 0.0130762 0.377783 0.126575
18 0.110524 0.0139458 0.12204 0.75349
18 0.210527 0.0265632 0.0966682 0.666241
7 0.124743 0.0221116 0.497037 0.356108
18 0.311753 0.0101434 0.109787 0.568316
18 0.0860283 0.0143072 0.116251 0.783413
18 0.0779427 0.00149804 0.117778 0.802782
18 0.0573674 0.00065975 0.0187312 0.923242
13 0.564571 0.0144698 0.140145 0.280814
18 0.140862 0.0373937 0.151277 0.670467
13 0.39826 0.199901 0.219206 0.182634
18 0.108119 0.0308387 0.0815615 0.779481
18 0.245655 0.0209432 0.134841 0.598561
18 0.237121 0.0260824 0.0765698 0.660226
18 0.165789 0.0164776 0.0778619 0.739872
18 0.269996 0.0594684 0.28076 0.389776
18 0.210016 0.00851221 0.049774 0.731698
18 0.101911 0.0459052 0.120829 0.731355
18 0.286995 0.0201982 0.0261082 0.666698
13 0.407274 0.0428017 0.152424 0.3975
18 0.0903683 0.00758898 0.200969 0.701074
18 0.241133 0.00404799 0.05039 0.704429
18 0.17033 0.00319147 0.0503267 0.776151
13 0.415237 0.00916716 0.316602 0.258994
18 0.135839 0.0174182 0.102998 0.743745
18 0.0849381 0.00320772 0.0628553 0.848999
18 0.0813442 0.0105659 0.0594451 0.848645
18 0.210515 0.0298442 0.170276 0.589365
7 0.305029 0.287141 0.343323 0.0645072
18 0.109679 0.0176757 0.0494159 0.823229
18 0.142333 0.00424428 0.0304784 0.822945
18 0.363096 0.00106083 0.0621241 0.573719
18 0.107557 0.00379004 0.0608709 0.827782
18 0.174259 0.00236238 0.0221931 0.801185
18 0.201972 0.0197648 0.178691 0.599573
18 0.208133 0.0270158 0.044447 0.720404
18 0.322807 0.00697785 0.0597421 0.610473
18 0.139092 0.0274849 0.0714902 0.761932
18 0.162157 0.0151818 0.183355 0.639306
18 0.103873 0.00103179 0.0562133 0.838882
18 0.292424 0.00107802 0.104997 0.6015
18 0.248055 0.0113955 0.315881 0.424668
18 0.13782 0.00247738 0.0477829 0.811919
7 0.074117 0.0695832 0.499537 0.356763
18 0.214166 0.00290103 0.176954 0.60598
18 0.146246 0.00853745 0.0101201 0.835096
18 0.147758 0.00365723 0.0514491 0.797136
18 0.039102 0.00145499 0.0383696 0.921073
13 0.486392 0.00614478 0.0666303 0.440833
18 0.0410007 0.00176362 0.0455204 0.911715
18 0.295524 0.0124767 0.309081 0.382919
18 0.359376 0.0441233 0.0577742 0.538726
18 0.0536433 0.00242287 0.0663626 0.877571
18 0.226285 0.00968021 0.0463376 0.717698
18 0.132742 0.00407978 0.109783 0.753396
18 0.0527795 0.00238947 0.0510317 0.893799
18 0.0971532 0.00196108 0.0156508 0.885235
18 0.136457 0.0183508 0.0849985 0.760194
18 0.138994 0.0167241 0.0870434 0.757239
13 0.526788 0.0785597 0.135396 0.259256
18 0.146316 0.00616121 0.0255132 0.82201
18 0.0499377 0.000291052 0.0393047 0.910467
18 0.122284 0.00258829 0.0526173 0.82251
18 0.246828 0.00401299 0.0861279 0.663031
18 0.0646399 0.012263 0.02539 0.897707
18 0.140735 0.0328032 0.288581 0.537881
18 0.0401525 0.000440107 0.0265734 0.932834
13 0.381984 0.0231556 0.235421 0.359439
13 0.37337 0.123255 0.332308 0.171067
18 0.276318 0.0224922 0.0725346 0.628655
18 0.0778577 0.00177695 0.049683 0.870682
18 0.0852772 0.145702 0.322271 0.44675
18 0.243696 0.0106758 0.228686 0.516942
18 0.102986 0.000693046 0.120878 0.775443
18 0.0934418 0.0104358 0.271134 0.624988
13 0.520899 0.0153047 0.223381 0.240415
18 0.10247 0.00257788 0.0750655 0.819887
18 0.323279 0.00233273 0.0674743 0.606914
18 0.141172 0.0008622 0.0522808 0.805685
18 0.195999 0.0236072 0.100925 0.67947
18 0.0535663 0.0102407 0.0855924 0.850601
18 0.270307 0.00544141 0.0791241 0.645128
18 0.303084 0.0151165 0.0860016 0.595798
18 0.0273927 0.00175727 0.0342619 0.936588
18 0.29746 0.0161506 0.0387531 0.647636
18 0.187955 0.00122647 0.0553101 0.755509
18 0.145616 0.00407807 0.0437237 0.806582
18 0.144392 0.00609895 0.0357471 0.813762
13 0.624415 0.0305971 0.080408 0.26458
13 0.509203 0.010177 0.157286 0.323334
13 0.619442 0.0244373 0.0733954 0.282725
18 0.0408848 0.00973074 0.0341969 0.915188
18 0.160121 0.00403073 0.039435 0.796414
