labels 0 7 13 18
0 0.776643 0.18738 0.0193847 0.0165927
0 0.977747 0.0170116 0.00477913 0.000462605
0 0.9478 0.0460525 0.00523331 0.000913959
0 0.84632 0.0252077 0.1282 0.000271729
0 0.891583 0.098531 0.00731381 0.00257177
0 0.682779 0.18667 0.103893 0.0266579
0 0.889782 0.0984217 0.00896575 0.00283077
0 0.84168 0.098377 0.0358151 0.0241279
0 0.991921 0.00605714 0.00167754 0.000344815
0 0.871639 0.0702199 0.0400445 0.0180969
0 0.855283 0.0975566 0.0396328 0.00752818
0 0.485628 0.186272 0.323795 0.00430514
0 0.862146 0.0962068 0.0398156 0.0018321
0 0.959816 0.0154861 0.0243337 0.000364559
0 0.936741 0.0597499 0.00232942 0.00117939
0 0.838582 0.0986688 0.0590592 0.00368948
0 0.839884 0.0989157 0.0587088 0.00249126
0 0.835681 0.0950213 0.0687828 0.000514728
0 0.837745 0.0957119 0.0373971 0.0291464
0 0.962118 0.0280746 0.00411938 0.00568807
0 0.802332 0.14399 0.0283739 0.0253047
0 0.897187 0.0989356 0.00213908 0.0017383
0 0.978658 0.0126395 0.00625016 0.00245283
0 0.84549 0.0924233 0.051144 0.0109425
0 0.832408 0.0939895 0.0697429 0.00385911
0 0.901631 0.0936213 0.00200674 0.00274123
0 0.798573 0.139078 0.0531062 0.00924245
13 0.180018 0.123054 0.512426 0.184503
0 0.725903 0.181956 0.0882878 0.00385322
0 0.856647 0.0992666 0.040522 0.00356457
7 0.194808 0.548683 0.18043 0.0760798
0 0.830949 0.0985309 0.0570908 0.0134295
13 0.243055 0.0794525 0.537283 0.140209
0 0.53571 0.0921727 0.369071 0.00304603
0 0.745663 0.192036 0.0426552 0.0196462
0 0.863079 0.0702684 0.0645599 0.00209234
13 0.148167 0.223173 0.524192 0.104468
0 0.577363 0.338778 0.0502255 0.0336328
0 0.632754 0.235171 0.0929318 0.0391428
0 0.884573 0.0351827 0.0777479 0.00249639
0 0.897638 0.0989648 0.00192685 0.0014708
0 0.664864 0.258079 0.076042 0.00101431
7 0.456374 0.529696 0.0133017 0.000628289
0 0.841259 0.0685988 0.0630632 0.0270793
0 0.828821 0.1496 0.0205613 0.00101825
0 0.952992 0.0403387 0.00585185 0.000817681
0 0.920824 0.0511204 0.0199303 0.00812567
13 0.158892 0.0926504 0.692851 0.0556067
0 0.901254 0.0717976 0.0242068 0.00274149
13 0.0388057 0.273109 0.543211 0.144875
0 0.887834 0.0982302 0.0108561 0.00308006
0 0.923834 0.0552176 0.0206116 0.000337037
0 0.84347 0.0968454 0.0570938 0.00259064
0 0.731761 0.0396564 0.227818 0.000764498
0 0.518709 0.361922 0.0994943 0.0198746
0 0.876039 0.0690362 0.0509089 0.00401595
0 0.890705 0.0983697 0.00389787 0.00702711
0 0.811908 0.131555 0.0512964 0.00524032
0 0.975436 0.0237152 0.000694375 0.000154482
0 0.898843 0.0990702 0.00134563 0.000741217
0 0.561522 0.382711 0.0438728 0.0118935
0 0.9618 0.0296808 0.00653275 0.00198649
0 0.763871 0.202368 0.0323463 0.00141469
0 0.875314 0.0959317 0.0176952 0.0110592
0 0.992625 0.00637435 0.000662705 0.00033839
13 0.30063 0.290754 0.369523 0.0390923
0 0.779747 0.169873 0.0426971 0.00768293
0 0.879795 0.0980508 0.0194229 0.00273096
0 0.844903 0.0998583 0.0538493 0.00138917
0 0.893965 0.0985492 0.00495794 0.00252739
0 0.851433 0.0971258 0.0370843 0.0143566
13 0.148101 0.0847385 0.737671 0.0294893
0 0.992562 0.00531299 0.00203785 8.76335e-05
0 0.707283 0.22436 0.0393688 0.0289884
0 0.769835 0.214362 0.00663403 0.00916827
0 0.969436 0.0266328 0.00217816 0.00175314
0 0.893489 0.0986343 0.00525915 0.00261781
0 0.549196 0.164016 0.197056 0.0897324
0 0.595449 0.095478 0.260945 0.0481277
0 0.957707 0.0266252 0.0149744 0.000693135
13 0.318968 0.257145 0.422706 0.00118158
0 0.972712 0.019631 0.00759534 6.17109e-05
0 0.928146 0.0666792 0.00455487 0.000619905
0 0.704065 0.172973 0.11663 0.00633167
0 0.854854 0.0955368 0.0478508 0.00175878
7 0.186599 0.593088 0.208644 0.0116697
0 0.883974 0.093528 0.0154381 0.00706017
0 0.834668 0.0991996 0.0481577 0.0179749
0 0.879665 0.0964086 0.0180149 0.00591162
0 0.886199 0.0974504 0.00717524 0.00917589
0 0.611472 0.353883 0.032016 0.00262839
13 0.10891 0.0501723 0.833166 0.00775234
0 0.993389 0.0056829 0.000556394 0.000371587
0 0.890299 0.0984227 0.00888046 0.00239792
13 0.104644 0.0679342 0.762158 0.065264
0 0.696627 0.299508 0.00354449 0.000320274
7 0.41701 0.504584 0.0585842 0.0198217
0 0.95469 0.0423765 0.0014382 0.00149556
0 0.662827 0.19165 0.136241 0.00928159
0 0.492244 0.258841 0.241085 0.00782982
13 0.0295283 0.215286 0.499267 0.255919
0 0.616928 0.274548 0.10038 0.00814406
0 0.92217 0.0698167 0.00640738 0.00160566
0 0.723523 0.0759753 0.173966 0.0265355
0 0.557221 0.123544 0.313034 0.00620125
0 0.891327 0.101332 0.00395838 0.00338227
0 0.703274 0.279686 0.0137163 0.00332376
0 0.449884 0.108695 0.404136 0.0372844
0 0.884433 0.0976633 0.0120756 0.00582777
0 0.848794 0.0953102 0.0300831 0.025813
0 0.942521 0.0550522 0.00179588 0.000630528
13 0.4275 0.0543156 0.510067 0.00811663
0 0.892104 0.0674056 0.0183321 0.0221587
0 0.605214 0.0973409 0.275665 0.0217804
0 0.755801 0.120621 0.110645 0.0129328
0 0.89692 0.0438544 0.0554013 0.00382423
0 0.990332 0.00896193 0.00061727 8.91287e-05
7 0.149404 0.379007 0.322231 0.149357
0 0.840259 0.0720479 0.0824464 0.00524696
0 0.567773 0.21178 0.210258 0.0101886
0 0.719797 0.119658 0.0654943 0.0950509
0 0.95898 0.0259891 0.0140909 0.000939664
0 0.816258 0.113232 0.0593515 0.0111587
0 0.504364 0.109115 0.373435 0.0130855
0 0.819859 0.101983 0.0765109 0.00164719
0 0.785433 0.0983389 0.0883181 0.0279097
0 0.832992 0.118644 0.0420754 0.00628927
0 0.827455 0.138904 0.0317764 0.00186432
0 0.584625 0.0756513 0.321581 0.0181423
0 0.89021 0.0979897 0.0100406 0.00175964
0 0.851408 0.0938215 0.0262228 0.0285479
0 0.86113 0.0953188 0.0319212 0.01163
0 0.798856 0.0597238 0.136425 0.00499502
13 0.252824 0.201502 0.506748 0.0389257
13 0.160717 0.275687 0.560914 0.00268258
0 0.893025 0.0982085 0.0079364 0.00082992
0 0.880619 0.0973859 0.0121359 0.00985962
0 0.936468 0.0115441 0.0516637 0.000324418
18 0.152176 0.166919 0.284735 0.39617
0 0.8178 0.051908 0.116728 0.0135637
0 0.945583 0.03099 0.0208412 0.00258527
0 0.724188 0.211041 0.0487206 0.01605
13 0.366736 0.038484 0.511288 0.0834924
0 0.992938 0.00700325 4.36395e-05 1.507e-05
0 0.881899 0.0982948 0.0177976 0.00200813
0 0.957408 0.0387069 0.00339968 0.000485526
0 0.82024 0.147447 0.0308916 0.00142095
0 0.864523 0.0641929 0.0707279 0.000556259
0 0.946946 0.0466477 0.00587865 0.000527384
0 0.883769 0.0442295 0.0711741 0.000827209
0 0.736021 0.0936754 0.158987 0.0113163
0 0.848119 0.102437 0.046968 0.00247629
13 0.158626 0.258496 0.575327 0.00755138
0 0.498004 0.414102 0.0694754 0.018419
18 0.00726471 0.0174624 0.186631 0.788641
0 0.824165 0.0840806 0.0524958 0.0392585
13 0.127771 0.120988 0.710009 0.0412315
0 0.359722 0.326458 0.296045 0.0177753
0 0.976127 0.0232137 0.000632989 2.60252e-05
0 0.834057 0.0959891 0.0661303 0.00382324
0 0.735343 0.233562 0.0253327 0.00576204
0 0.938959 0.0247019 0.0250579 0.0112807
0 0.947439 0.0494218 0.00206258 0.00107633
0 0.836746 0.0985397 0.0582685 0.00644587
7 0.2213 0.489361 0.247964 0.0413745
7 0.233884 0.439867 0.319658 0.00659138
0 0.950741 0.0408867 0.006501 0.0018714
0 0.88227 0.0980239 0.0149971 0.004709
0 0.89842 0.0991089 0.00142375 0.00104743
0 0.462888 0.456582 0.0727506 0.00777945
0 0.916907 0.0549896 0.0235465 0.00455686
0 0.702134 0.0759585 0.200361 0.0215467
0 0.817876 0.0975237 0.059068 0.0255319
0 0.851216 0.100024 0.0474352 0.00132465
13 0.0583368 0.203365 0.681036 0.0572625
0 0.945278 0.0484186 0.00519381 0.00111003
13 0.0562269 0.13136 0.640755 0.171658
0 0.896269 0.0988876 0.00462318 0.000220111
0 0.939837 0.0406794 0.0154512 0.00403229
0 0.719263 0.208975 0.060527 0.0112343
0 0.935129 0.0593553 0.00262366 0.00289233
0 0.858334 0.0606447 0.080399 0.00062216
0 0.792412 0.0845186 0.119816 0.00325369
0 0.884746 0.0975425 0.00715456 0.0105566
0 0.841161 0.0991522 0.0496847 0.010002
0 0.925848 0.0609234 0.00819961 0.0050294
0 0.890478 0.0979772 0.0104785 0.0010667
13 0.0507112 0.291434 0.6529 0.0049546
13 0.0995725 0.176585 0.519314 0.204528
0 0.843061 0.0995538 0.05634 0.00104555
0 0.900239 0.0962681 0.00324183 0.000251466
0 0.835271 0.0854285 0.0784122 0.000888511
0 0.566441 0.336782 0.0465751 0.050202
0 0.877731 0.0974749 0.0149 0.00989429
0 0.701661 0.204119 0.0794311 0.0147888
0 0.900652 0.0691734 0.0296935 0.000481043
0 0.630234 0.157893 0.197043 0.0148297
0 0.987244 0.0119766 0.000542676 0.000237107
0 0.890976 0.0986447 0.00989163 0.000488163
0 0.629043 0.122299 0.213811 0.0348461
0 0.960726 0.0358046 0.00163571 0.00183412
7 0.358673 0.561328 0.0703143 0.00968492
0 0.938395 0.0529618 0.00388948 0.00475405
0 0.428455 0.173758 0.378728 0.0190597
0 0.787566 0.157304 0.0245447 0.0305846
0 0.561247 0.0675592 0.363957 0.00723734
0 0.981737 0.0100642 0.0074383 0.000760673
0 0.512204 0.204875 0.228137 0.0547835
0 0.892768 0.0985824 0.00368851 0.00496151
0 0.891327 0.0798512 0.00882967 0.0199926
0 0.779779 0.0711595 0.147828 0.00123354
0 0.974899 0.0218709 0.0017802 0.00145032
0 0.687002 0.119323 0.171177 0.0224982
0 0.700741 0.113385 0.165619 0.020255
0 0.977005 0.0212698 0.000486594 0.00123909
0 0.862062 0.0977128 0.0324453 0.00778036
0 0.998557 0.00131931 8.98565e-05 3.42772e-05
0 0.807695 0.032873 0.152773 0.00665902
0 0.474948 0.104672 0.385083 0.0352971
0 0.88473 0.111008 0.00262089 0.00164125
18 0.00477514 0.096071 0.134171 0.764983
7 0.00449455 0.667026 0.206115 0.122365
7 0.34351 0.570135 0.0841104 0.00224458
7 0.00765529 0.599659 0.324404 0.0682819
13 0.160299 0.321052 0.484612 0.034036
7 0.140053 0.630793 0.211194 0.0179597
7 0.121247 0.74104 0.100213 0.0375004
7 0.109519 0.743273 0.0930263 0.0541817
7 0.0748089 0.723031 0.134911 0.0672489
7 0.096338 0.884058 0.00912122 0.010483
7 0.113929 0.646847 0.218691 0.0205331
7 0.0344299 0.808215 0.147425 0.0099306
18 0.0273599 0.224008 0.0435974 0.705035
7 0.297818 0.645503 0.053535 0.00314399
7 0.187985 0.532583 0.270597 0.00883557
7 0.0592927 0.556812 0.351756 0.0321391
7 0.0358623 0.570013 0.379565 0.01456
13 0.0613158 0.408538 0.526503 0.00364262
7 0.0383585 0.800882 0.149159 0.0116001
7 0.0547494 0.919016 0.0210453 0.00518969
7 0.0540799 0.877955 0.0610496 0.00691561
7 0.100495 0.832761 0.0656208 0.00112295
7 0.0644289 0.73386 0.119151 0.0825604
7 0.103089 0.838692 0.0481086 0.0101107
7 0.101023 0.884637 0.00684425 0.00749552
13 0.0316233 0.231965 0.559522 0.17689
13 0.107524 0.300642 0.459395 0.132439
13 0.0138774 0.0978822 0.836524 0.0517162
7 0.0266383 0.641317 0.159356 0.172688
13 0.00894744 0.439727 0.470575 0.0807506
7 0.0216057 0.847035 0.0827589 0.0486006
7 0.0784005 0.758038 0.14508 0.0184811
7 0.0386958 0.740096 0.133618 0.0875903
18 0.00853365 0.0979336 0.327863 0.56567
7 0.0831895 0.741055 0.140751 0.0350043
13 0.0151756 0.113403 0.869379 0.00204234
18 0.0181721 0.172792 0.201197 0.607839
7 0.00911927 0.823807 0.151685 0.0153889
7 0.0982652 0.771977 0.0786963 0.051062
7 0.0910729 0.677362 0.224612 0.00695299
7 0.127185 0.720243 0.111707 0.0408654
7 0.0303599 0.786371 0.0564677 0.126801
7 0.0762301 0.71002 0.180663 0.033086
7 0.400434 0.494669 0.101468 0.0034292
13 0.033429 0.348103 0.578999 0.0394691
7 0.103568 0.685303 0.203758 0.00737127
7 0.0227765 0.767216 0.163482 0.046526
13 0.0103586 0.339181 0.615768 0.0346932
7 0.066839 0.749185 0.162102 0.021874
0 0.708134 0.268879 0.0193982 0.00358833
7 0.0700333 0.759881 0.0840597 0.0860258
18 0.00140553 0.211258 0.262918 0.524419
0 0.591777 0.357909 0.0446476 0.00566722
7 0.0872607 0.725066 0.172337 0.0153368
7 0.0359257 0.944839 0.0110838 0.00815196
7 0.0359582 0.579054 0.314331 0.0706567
18 0.00302738 0.0674444 0.114704 0.814825
7 0.0188015 0.70509 0.232913 0.0431963
0 0.663646 0.296018 0.0364546 0.00388115
7 0.149407 0.553847 0.277176 0.019569
7 0.00916533 0.496368 0.288171 0.206296
7 0.075968 0.797179 0.110689 0.0161645
7 0.0502075 0.764506 0.132832 0.0524552
7 0.189997 0.763593 0.0453842 0.00102572
7 0.030487 0.66595 0.266529 0.0370332
7 0.0043842 0.921766 0.066093 0.00775725
7 0.0341458 0.721493 0.226795 0.0175663
7 0.062079 0.760234 0.164531 0.0131561
13 0.0259128 0.418671 0.47582 0.0795956
7 0.0090031 0.905645 0.077528 0.00782413
7 0.00414119 0.716427 0.212194 0.0672377
7 0.0195253 0.812901 0.134695 0.0328792
7 0.00589982 0.744166 0.219722 0.0302115
7 0.0605499 0.807098 0.123731 0.0086212
7 0.100999 0.879311 0.0141632 0.00552751
7 0.045418 0.725707 0.141594 0.0872809
0 0.5247 0.424512 0.0415859 0.0092029
0 0.784847 0.161363 0.0463322 0.00745744
7 0.00719353 0.824254 0.15274 0.0158125
7 0.0182572 0.811524 0.148099 0.0221199
7 0.0838357 0.761131 0.143448 0.0115858
7 0.011555 0.854592 0.129728 0.00412476
7 0.0126648 0.884484 0.0241761 0.078675
7 0.0591626 0.729677 0.118982 0.092178
7 0.0182408 0.734027 0.110482 0.13725
13 0.0189592 0.289635 0.37276 0.318647
7 0.100639 0.866769 0.0261399 0.00645217
7 0.0288592 0.793317 0.170342 0.00748182
13 0.0152838 0.285312 0.614374 0.0850297
7 0.0652895 0.526554 0.223624 0.184533
0 0.773155 0.150184 0.0747838 0.00187645
13 0.267629 0.129665 0.583154 0.0195525
7 0.224219 0.748054 0.0117217 0.0160055
7 0.0199573 0.61599 0.20056 0.163493
7 0.0156294 0.475769 0.431801 0.0768002
7 0.0891829 0.742567 0.0962451 0.0720053
7 0.0482263 0.519975 0.4225 0.00929896
7 0.071703 0.770059 0.140549 0.0176894
7 0.054511 0.765629 0.169841 0.0100189
13 0.0388348 0.349603 0.585756 0.0258059
7 0.034182 0.51025 0.385319 0.0702497
7 0.00955803 0.745532 0.130687 0.114223
13 0.080132 0.252922 0.659584 0.00736216
7 0.0948321 0.76074 0.134931 0.0094964
7 0.0177788 0.642943 0.294567 0.0447113
7 0.104591 0.820066 0.0681132 0.00722917
7 0.0790505 0.821425 0.0910066 0.0085176
7 0.252458 0.642262 0.0646543 0.0406266
7 0.140898 0.4508 0.393581 0.014721
7 0.059913 0.606464 0.321681 0.0119423
7 0.107896 0.802337 0.0864828 0.00328433
7 0.0338646 0.889334 0.0522123 0.0245892
7 0.0128772 0.632048 0.192973 0.162102
7 0.0385886 0.836094 0.0725306 0.0527872
13 0.0291884 0.446727 0.471286 0.0527978
7 0.021768 0.816389 0.151369 0.0104742
7 0.0575336 0.830176 0.104747 0.00754332
7 0.00924759 0.758387 0.18147 0.0508949
7 0.271362 0.720149 0.00523847 0.00325084
7 0.0837474 0.741999 0.0989087 0.0753445
7 0.10852 0.79566 0.079113 0.0167076
7 0.0281285 0.784251 0.160509 0.0271114
7 0.059899 0.770827 0.134076 0.0351978
0 0.830031 0.151376 0.0152654 0.00332763
7 0.0374424 0.793311 0.150903 0.0183442
7 0.0249252 0.835029 0.0972363 0.0428097
18 0.0715029 0.398409 0.069158 0.46093
7 0.0446814 0.478399 0.222009 0.254911
7 0.0619261 0.652286 0.259375 0.0264133
7 0.0751514 0.755496 0.13849 0.0308626
0 0.660721 0.329062 0.0098544 0.000362808
7 0.0350375 0.671287 0.161335 0.132341
13 0.0240018 0.126058 0.545008 0.304932
7 0.100716 0.882861 0.0121233 0.00430009
7 0.00299324 0.716352 0.263374 0.0172811
7 0.0155674 0.497132 0.330293 0.157008
7 0.0274728 0.70439 0.20738 0.0607569
0 0.460951 0.383616 0.130236 0.0251965
18 0.00439913 0.222761 0.0410938 0.731746
7 0.017156 0.789386 0.145623 0.0478347
7 0.0149687 0.542465 0.179498 0.263069
7 0.0967054 0.756705 0.120493 0.0260967
7 0.0390418 0.528759 0.375509 0.0566908
7 0.0813497 0.705272 0.170031 0.0433471
7 0.199641 0.480837 0.317062 0.00245993
7 0.0131225 0.563928 0.397064 0.0258857
7 0.0165369 0.837335 0.0916068 0.0545208
7 0.0247752 0.937151 0.0220039 0.0160697
7 0.021987 0.702119 0.0833238 0.19257
13 0.0154544 0.235037 0.542077 0.207432
7 0.0225838 0.793027 0.181234 0.00315513
7 0.11755 0.72528 0.155109 0.00206139
7 0.0624925 0.714775 0.219595 0.00313747
7 0.0165045 0.949586 0.0293485 0.00456103
7 0.102058 0.840499 0.0353319 0.0221113
7 0.13236 0.738098 0.112148 0.0173936
0 0.794534 0.188005 0.0161244 0.00133696
18 0.0136641 0.371823 0.127836 0.486678
7 0.0363228 0.641896 0.24132 0.0804619
7 0.0230246 0.81998 0.14504 0.0119558
7 0.098476 0.764097 0.129908 0.00751913
7 0.224759 0.657017 0.0921987 0.026025
7 0.0167717 0.925353 0.033479 0.0243964
13 0.0307871 0.239006 0.720676 0.00953135
7 0.102037 0.857366 0.0267288 0.013868
7 0.0596135 0.90923 0.0183204 0.0128356
7 0.00966644 0.846263 0.0636265 0.0804437
7 0.0829178 0.701137 0.206283 0.00966259
13 0.0295614 0.241393 0.715085 0.01396
7 0.102353 0.859832 0.0278886 0.00992687
7 0.0946807 0.754949 0.134796 0.0155744
7 0.0804249 0.738821 0.146042 0.0347121
7 0.0565166 0.614055 0.290533 0.0388955
7 0.101776 0.863709 0.026115 0.00840011
13 0.0584558 0.466209 0.468831 0.0065039
7 0.00945683 0.567883 0.255009 0.167651
13 0.0211053 0.379972 0.389001 0.209922
7 0.296622 0.475706 0.215724 0.0119488
7 0.111554 0.435462 0.434639 0.018345
7 0.00396282 0.959432 0.0334614 0.00314332
0 0.582973 0.346088 0.0593113 0.0116279
7 0.180257 0.610327 0.192941 0.0164746
7 0.145594 0.583029 0.222179 0.049197
7 0.0429797 0.655419 0.229523 0.0720781
7 0.0141568 0.881287 0.0782063 0.0263499
7 0.0887218 0.631531 0.269676 0.0100706
18 0.0167124 0.258073 0.155881 0.569333
7 0.0306848 0.613862 0.297263 0.0581904
7 0.100958 0.878971 0.010968 0.0091026
7 0.081681 0.883023 0.016696 0.0186003
13 0.05111 0.132639 0.727245 0.0890065
7 0.0698031 0.787358 0.136002 0.00683652
7 0.0929829 0.850577 0.0469202 0.00951961
7 0.308745 0.607583 0.0816358 0.00203604
7 0.0891683 0.483125 0.357357 0.0703502
7 0.100328 0.725673 0.122741 0.0512576
7 0.100477 0.875158 0.018295 0.00606949
7 0.0457703 0.489248 0.428451 0.0365308
7 0.0198572 0.905593 0.0667193 0.00783016
7 0.0556787 0.489039 0.443035 0.0122471
7 0.045425 0.561224 0.240671 0.15268
7 0.213353 0.42423 0.347475 0.0149421
0 0.465755 0.459736 0.0512518 0.0232569
13 0.0393484 0.401995 0.551854 0.00680177
7 0.00273213 0.452221 0.348279 0.196767
0 0.396115 0.374545 0.225178 0.00416253
7 0.106414 0.820654 0.0691298 0.00380185
7 0.0432676 0.892965 0.0499727 0.013795
7 0.145474 0.818882 0.0328735 0.00277091
7 0.0798054 0.902602 0.016183 0.00140965
7 0.0297883 0.40901 0.27309 0.288111
13 0.00676456 0.199012 0.418121 0.376103
7 0.103428 0.850568 0.0373929 0.00861151
7 0.0901885 0.732935 0.129236 0.0476407
7 0.0892105 0.894863 0.0131882 0.00273825
7 0.0289525 0.730513 0.181934 0.0585998
7 0.0136865 0.801137 0.151055 0.0341211
7 0.0197499 0.766385 0.176773 0.0370919
7 0.102829 0.76483 0.120465 0.011876
7 0.0169955 0.828727 0.153003 0.00127427
18 0.00963534 0.402627 0.162087 0.425651
7 0.0481375 0.782595 0.138183 0.0310842
13 0.00494944 0.450097 0.486231 0.0587232
0 0.610756 0.170049 0.116683 0.102513
13 0.0119384 0.477816 0.505088 0.00515734
7 0.0772415 0.58502 0.334411 0.0033273
7 0.140259 0.726834 0.116289 0.0166182
7 0.00434128 0.83857 0.155054 0.00203469
7 0.076737 0.746263 0.145221 0.0317787
7 0.304076 0.668414 0.0236568 0.00385312
7 0.446857 0.491656 0.0591539 0.002333
7 0.0760331 0.734723 0.0930346 0.0962096
7 0.0415461 0.638601 0.279674 0.0401793
7 0.108556 0.785841 0.0803753 0.0252278
7 0.105598 0.71101 0.0533309 0.130061
7 0.0241756 0.884659 0.062371 0.0287945
7 0.0534465 0.820484 0.0997211 0.0263487
7 0.0829384 0.761969 0.145166 0.0099268
7 0.102701 0.832031 0.0231409 0.0421275
7 0.125539 0.611169 0.261808 0.00148357
7 0.0378737 0.808322 0.150248 0.00355679
7 0.00886558 0.400352 0.315014 0.275769
7 0.0888235 0.799835 0.0503046 0.0610369
7 0.0338156 0.802211 0.148207 0.0157667
7 0.0738024 0.834891 0.0500137 0.0412924
7 0.0855499 0.825735 0.0839701 0.00474547
7 0.00747066 0.695371 0.0734302 0.223728
7 0.0517077 0.82542 0.0929614 0.029911
13 0.00952126 0.107022 0.649681 0.233775
7 0.0530909 0.817646 0.0417225 0.0875401
13 0.0374124 0.352224 0.579036 0.0313274
7 0.0829714 0.571932 0.34044 0.00465658
7 0.00813636 0.543183 0.185101 0.263579
7 0.0352507 0.838128 0.122381 0.00424049
7 0.0327072 0.78909 0.0854587 0.0927444
13 0.0213184 0.427022 0.466535 0.0851242
7 0.0119881 0.75717 0.163172 0.0676706
7 0.0905511 0.6483 0.127111 0.134038
7 0.0485846 0.8164 0.131469 0.00354608
7 0.0912911 0.848965 0.0338012 0.0259424
7 0.062495 0.861817 0.0206632 0.0550247
7 0.0906516 0.760123 0.137927 0.0112982
7 0.0129336 0.620914 0.352172 0.0139806
7 0.0587793 0.77679 0.146872 0.0175585
0 0.632448 0.336882 0.0264718 0.00419886
7 0.0614953 0.684798 0.192839 0.0608673
7 0.0321534 0.817783 0.149733 0.000329852
13 0.175967 0.369957 0.445221 0.00885556
0 0.422214 0.327655 0.236156 0.0139742
7 0.0539147 0.779478 0.152008 0.0145995
7 0.0830264 0.517736 0.379895 0.0193426
7 0.285015 0.635994 0.0695516 0.00943956
13 0.0674859 0.312139 0.576969 0.0434062
7 0.0369747 0.825483 0.0660066 0.0715352
0 0.438289 0.326453 0.164784 0.070474
13 0.0515563 0.217268 0.591409 0.139768
13 0.0212051 0.359196 0.552599 0.0670003
7 0.105547 0.821327 0.0633249 0.00980042
7 0.060121 0.714151 0.197394 0.0283346
7 0.0231882 0.640684 0.316597 0.0195307
7 0.0936341 0.744057 0.157 0.00530843
7 0.101566 0.848688 0.0257318 0.0240142
7 0.10324 0.836132 0.0543816 0.00624684
13 0.013383 0.483106 0.483341 0.0201702
7 0.0908025 0.529262 0.365035 0.0148999
7 0.0928007 0.794749 0.0921208 0.0203295
7 0.0636946 0.54062 0.369153 0.0265319
7 0.195003 0.376907 0.371487 0.0566031
7 0.21659 0.688452 0.0843638 0.0105938
7 0.013828 0.411846 0.40056 0.173766
7 0.24509 0.726612 0.0276678 0.000629987
7 0.101743 0.867617 0.0236384 0.00700101
18 0.00198125 0.129497 0.066393 0.802129
18 0.0102421 0.0890775 0.391457 0.509224
7 0.0586321 0.772542 0.149496 0.01933
7 0.0610663 0.667031 0.149077 0.122826
7 0.0696132 0.774493 0.150967 0.0049269
7 0.103836 0.767004 0.12111 0.00804938
7 0.0188154 0.704939 0.212209 0.0640359
7 0.0362081 0.503844 0.355472 0.104476
7 0.116251 0.843159 0.0384694 0.00212093
18 0.00348385 0.348371 0.139721 0.508424
7 0.228303 0.63385 0.131551 0.00629585
7 0.00378579 0.831553 0.154063 0.0105987
7 0.158747 0.567396 0.226715 0.0471422
7 0.0557694 0.689816 0.160826 0.0935888
7 0.0486616 0.604314 0.301555 0.0454702
7 0.0155559 0.748617 0.225913 0.00991437
13 0.0334242 0.352732 0.579507 0.0343372
7 0.103001 0.846416 0.0435805 0.0070029
7 0.0811625 0.760674 0.145111 0.0130527
7 0.189665 0.456134 0.323325 0.0308759
7 0.0145957 0.87838 0.0809626 0.0260612
7 0.049089 0.523374 0.382288 0.045249
7 0.0510494 0.788891 0.143576 0.016484
7 0.143381 0.643926 0.191704 0.0209888
0 0.759189 0.220645 0.0192901 0.000875788
7 0.107928 0.643646 0.199389 0.0490361
7 0.419863 0.512359 0.062865 0.00491276
18 0.00101402 0.294241 0.165557 0.539188
0 0.755828 0.17667 0.0664113 0.00109088
7 0.0116156 0.902416 0.0791635 0.00680461
7 0.174313 0.436194 0.308288 0.0812046
13 0.0609502 0.257793 0.633192 0.0480645
7 0.0794287 0.715871 0.190718 0.0139819
7 0.173822 0.710266 0.112929 0.00298283
7 0.00859928 0.765609 0.160686 0.065106
13 0.0239427 0.257121 0.708603 0.0103329
13 0.082112 0.206091 0.699469 0.0123282
13 0.0255196 0.0796433 0.483888 0.410949
13 0.0103085 0.0657855 0.792597 0.131309
13 0.0635478 0.0795743 0.608004 0.248874
13 0.178832 0.244176 0.567272 0.00971969
13 0.0299544 0.173957 0.783778 0.0123111
7 0.0243048 0.45275 0.281175 0.24177
13 0.0123042 0.0509448 0.47166 0.465091
13 0.0655634 0.164498 0.649446 0.120492
13 0.0761436 0.197462 0.669451 0.0569437
13 0.23659 0.267054 0.484015 0.01234
13 0.037253 0.172203 0.779459 0.0110844
13 0.0786301 0.168803 0.741228 0.0113384
13 0.0501189 0.175219 0.735335 0.0393268
13 0.0822354 0.132871 0.750147 0.0347463
13 0.101575 0.0576967 0.831679 0.00904986
13 0.0465079 0.362045 0.470455 0.120992
13 0.187262 0.296383 0.466555 0.0498009
13 0.0667944 0.156549 0.757726 0.0189307
13 0.0356122 0.172463 0.767649 0.0242754
13 0.0862676 0.161216 0.734474 0.0180423
13 0.00212626 0.0265361 0.648021 0.323316
13 0.0232219 0.216858 0.6548 0.105121
0 0.501075 0.193778 0.284561 0.0205863
13 0.11567 0.192459 0.651718 0.0401532
13 0.116369 0.109728 0.763659 0.0102444
13 0.104022 0.0686226 0.801564 0.0257917
0 0.773232 0.0452718 0.178681 0.00281491
13 0.105445 0.147883 0.745487 0.0011853
13 0.016619 0.128882 0.604865 0.249634
13 0.0564803 0.275562 0.634355 0.0336023
13 0.0826858 0.111985 0.80025 0.00507934
13 0.00425152 0.144863 0.779498 0.071388
13 0.00433434 0.0305766 0.711525 0.253564
13 0.0625128 0.174779 0.750815 0.011893
13 0.0159185 0.115621 0.703416 0.165044
13 0.0267245 0.204641 0.622375 0.146259
13 0.108297 0.0624118 0.768892 0.0603992
13 0.0221708 0.176854 0.794401 0.00657398
7 0.153125 0.643391 0.168823 0.0346608
13 0.0726458 0.291285 0.600913 0.0351562
18 0.0226339 0.0929516 0.373844 0.510571
13 0.212052 0.143752 0.601413 0.0427832
13 0.0351963 0.132457 0.743858 0.0884889
13 0.0273904 0.0537358 0.818581 0.100293
13 0.0590787 0.173473 0.718696 0.0487522
13 0.0762474 0.302533 0.605965 0.0152547
13 0.0136522 0.0827179 0.653788 0.249841
13 0.105 0.309484 0.560989 0.0245273
13 0.0724183 0.101715 0.679457 0.14641
13 0.0317336 0.0674687 0.772809 0.127988
13 0.0329053 0.0538297 0.68637 0.226895
13 0.0324421 0.0992163 0.522046 0.346296
13 0.172373 0.236384 0.588203 0.003039
13 0.0266751 0.0445032 0.876323 0.0524983
13 0.276334 0.106703 0.536272 0.0806909
13 0.0187532 0.0745852 0.828608 0.0780536
13 0.0575838 0.172436 0.698114 0.071866
13 0.0647037 0.17147 0.738666 0.0251606
7 0.0293134 0.465933 0.376919 0.127835
13 0.161974 0.167454 0.662539 0.00803311
13 0.0423027 0.338674 0.604888 0.014136
13 0.0699226 0.170212 0.748539 0.0113264
18 0.00759765 0.041262 0.142818 0.808322
13 0.0197222 0.313898 0.644459 0.0219217
13 0.0174135 0.0475176 0.915933 0.019136
13 0.0242906 0.165339 0.419913 0.390457
13 0.0736903 0.150581 0.695439 0.0802901
13 0.0329191 0.0881109 0.56028 0.31869
13 0.0672632 0.174689 0.755902 0.00214658
13 0.19093 0.31923 0.474669 0.015171
13 0.110624 0.136844 0.74618 0.00635239
13 0.0286407 0.0744869 0.631946 0.264927
13 0.0715982 0.147346 0.673306 0.10775
13 0.0334435 0.162471 0.716615 0.0874696
18 0.00955718 0.0448057 0.449006 0.496631
13 0.0586054 0.377595 0.518402 0.0453976
13 0.100932 0.114547 0.730309 0.0542123
13 0.0388635 0.175605 0.756975 0.0285563
13 0.00485219 0.170229 0.723008 0.101911
18 0.000630919 0.0799015 0.179572 0.739896
13 0.0542827 0.234773 0.678418 0.0325261
13 0.306513 0.101061 0.591555 0.000871359
13 0.0789634 0.0303817 0.889492 0.0011632
13 0.0521662 0.165481 0.763577 0.0187766
13 0.0105819 0.101971 0.591652 0.295795
13 0.0282379 0.193661 0.754153 0.0239484
13 0.0270247 0.046088 0.760182 0.166705
13 0.0808453 0.12528 0.750106 0.0437689
13 0.0174362 0.168566 0.720637 0.0933609
0 0.41227 0.376257 0.203972 0.00750031
13 0.0902265 0.123666 0.709588 0.0765197
0 0.450962 0.197029 0.323023 0.0289858
7 0.0264322 0.456456 0.394535 0.122576
13 0.0163716 0.152696 0.723245 0.107688
13 0.0180577 0.135694 0.825694 0.0205539
13 0.0550703 0.165934 0.729089 0.0499072
13 0.0856233 0.189085 0.713599 0.0116919
13 0.0257244 0.167247 0.746409 0.0606197
13 0.159232 0.146372 0.656233 0.0381633
13 0.198707 0.236369 0.357423 0.207502
13 0.0442023 0.16518 0.706627 0.0839899
13 0.0374169 0.0801378 0.773237 0.109208
13 0.152491 0.0409835 0.800503 0.00602321
13 0.306393 0.158287 0.525825 0.00949626
13 0.0662475 0.18549 0.725912 0.0223505
13 0.113994 0.123498 0.747557 0.0149506
0 0.757959 0.0871817 0.135468 0.0193922
13 0.160945 0.057037 0.776748 0.0052702
13 0.054753 0.102756 0.728298 0.114193
13 0.0275405 0.176073 0.786616 0.00977098
13 0.0143922 0.093737 0.645992 0.245878
13 0.0693641 0.1955 0.728302 0.00683379
13 0.0168134 0.0491043 0.806099 0.127983
13 0.0385487 0.0687905 0.859213 0.033448
13 0.0143639 0.13378 0.462292 0.389564
13 0.00280612 0.170783 0.733504 0.0929066
7 0.127227 0.522064 0.342668 0.00804132
13 0.225869 0.160524 0.598765 0.0148412
13 0.00563368 0.166815 0.671456 0.156095
13 0.036649 0.0605193 0.810014 0.0928172
13 0.0324041 0.105966 0.726 0.13563
0 0.618946 0.0526122 0.304804 0.0236373
13 0.0448288 0.171892 0.568478 0.214801
13 0.0126483 0.167074 0.513287 0.306991
13 0.0385159 0.254071 0.681786 0.0256274
13 0.0181323 0.262336 0.66353 0.0560019
18 0.00305107 0.0742111 0.29325 0.629488
13 0.0628676 0.160685 0.747287 0.0291605
13 0.0396067 0.32652 0.614935 0.0189386
13 0.11455 0.161648 0.714641 0.00916073
13 0.00308408 0.162913 0.615836 0.218167
13 0.0022685 0.0260761 0.702629 0.269026
7 0.00536547 0.512293 0.433257 0.0490844
13 0.0528305 0.164829 0.695761 0.0865795
18 0.00519245 0.0676222 0.24512 0.682066
13 0.114493 0.0798578 0.769252 0.0363972
13 0.0654046 0.162718 0.743592 0.0282859
13 0.0191282 0.16603 0.628278 0.186564
13 0.115098 0.0946504 0.7775 0.0127516
13 0.303747 0.335861 0.346887 0.0135047
13 0.0687595 0.137863 0.679634 0.113744
7 0.0333104 0.4077 0.381149 0.17784
13 0.0813609 0.167017 0.741694 0.00992826
13 0.0858906 0.158067 0.714657 0.0413857
13 0.0220945 0.0263924 0.946133 0.00537976
13 0.268383 0.165884 0.561704 0.00402885
13 0.0333716 0.213961 0.711261 0.0414071
13 0.0079757 0.176522 0.801863 0.013639
13 0.0447763 0.0859457 0.620869 0.248409
13 0.0485423 0.196564 0.669369 0.0855249
13 0.210308 0.0697522 0.645853 0.0740863
7 0.194668 0.496181 0.300328 0.00882317
13 0.0829921 0.226557 0.654849 0.0356015
13 0.0388096 0.143314 0.793241 0.0246356
13 0.0290933 0.139831 0.811471 0.0196051
13 0.0457653 0.122192 0.700321 0.131721
13 0.0379808 0.0898761 0.676521 0.195622
0 0.498354 0.0549137 0.436764 0.00996773
7 0.0109786 0.834589 0.137054 0.0173782
13 0.0336776 0.0570847 0.781915 0.127323
13 0.166787 0.125834 0.661141 0.0462385
13 0.0152972 0.115719 0.845739 0.0232454
13 0.0856207 0.171774 0.740716 0.00188964
13 0.0139639 0.0882486 0.821463 0.0763246
13 0.119918 0.127467 0.747817 0.00479802
13 0.029676 0.167254 0.768945 0.0341256
13 0.0622639 0.256604 0.66455 0.0165822
13 0.0766525 0.361649 0.487497 0.0742022
13 0.00789244 0.0387486 0.5006 0.452759
13 0.0863388 0.166167 0.677696 0.0697978
13 0.033498 0.0714298 0.724036 0.171036
13 0.048951 0.105869 0.792916 0.0522631
13 0.017545 0.387922 0.541991 0.0525415
13 0.00585212 0.0945191 0.585088 0.31454
0 0.876508 0.0242408 0.0958936 0.00335725
13 0.0268484 0.0757866 0.549871 0.347494
13 0.0456095 0.0415908 0.504952 0.407847
13 0.0892347 0.243141 0.612964 0.0546605
13 0.155473 0.310225 0.508775 0.0255275
13 0.0103247 0.252012 0.675192 0.0624705
13 0.0190258 0.107653 0.806134 0.0671874
13 0.070622 0.17022 0.684758 0.0744001
13 0.00407939 0.0887283 0.824411 0.0827818
13 0.0194947 0.219208 0.561895 0.199402
13 0.0648781 0.154817 0.73948 0.0408247
13 0.00703576 0.0632701 0.739974 0.18972
7 0.0442769 0.584565 0.355856 0.0153019
13 0.012841 0.265535 0.522904 0.198719
7 0.03903 0.52881 0.418989 0.0131713
7 0.104635 0.50464 0.336412 0.0543129
13 0.0471995 0.0508358 0.610112 0.291853
13 0.100386 0.152136 0.736014 0.0114637
13 0.0155829 0.193912 0.68006 0.110444
13 0.221858 0.0890227 0.664317 0.0248021
7 0.329992 0.364257 0.276484 0.0292674
13 0.0204491 0.191359 0.752979 0.0352123
7 0.196612 0.470364 0.23504 0.0979834
13 0.177897 0.139773 0.665776 0.0165543
18 0.0081774 0.139807 0.222464 0.629551
13 0.0130226 0.0899403 0.608948 0.288089
13 0.035973 0.386237 0.462878 0.114912
13 0.194725 0.363864 0.415086 0.0263252
7 0.0306915 0.542837 0.416317 0.0101552
13 0.0180357 0.171587 0.778424 0.0319532
13 0.0103237 0.0932849 0.544544 0.351847
13 0.178201 0.351184 0.453421 0.0171942
13 0.0507237 0.100757 0.744384 0.104135
13 0.0532194 0.108818 0.80866 0.0293024
13 0.0135758 0.0370558 0.842485 0.106884
13 0.0221167 0.0844059 0.851077 0.0424004
13 0.0221958 0.313272 0.577235 0.0872969
13 0.102114 0.135358 0.712506 0.0500216
13 0.0335756 0.28429 0.601527 0.0806078
13 0.0105712 0.0767529 0.540466 0.37221
13 0.0589263 0.0996683 0.814216 0.0271897
13 0.00641803 0.301664 0.684615 0.00730346
13 0.0193211 0.16892 0.721269 0.0904894
13 0.00873373 0.0832932 0.708582 0.199391
13 0.0197249 0.263492 0.708612 0.00817136
13 0.041558 0.204772 0.742135 0.0115348
13 0.0346064 0.162012 0.793616 0.00976501
13 0.015491 0.174987 0.782426 0.0270958
13 0.0192531 0.195734 0.70583 0.0791829
13 0.232087 0.332434 0.430948 0.00453156
13 0.00194898 0.0491719 0.907862 0.0410168
13 0.114024 0.117471 0.743592 0.0249133
13 0.385087 0.161464 0.424145 0.0293041
13 0.00873155 0.188884 0.623309 0.179076
13 0.0142223 0.175886 0.759604 0.0502871
13 0.0771272 0.170529 0.746251 0.00609308
13 0.0318795 0.118898 0.82869 0.0205326
13 0.0173864 0.0587035 0.795825 0.128085
18 0.00095006 0.0319711 0.318802 0.648277
13 0.0373387 0.0691512 0.879463 0.0140468
13 0.0175153 0.11459 0.864981 0.00291336
18 0.0134079 0.0587235 0.205575 0.722294
13 0.0040901 0.119151 0.860475 0.016284
7 0.0133181 0.539751 0.394682 0.0522488
7 0.0165326 0.746612 0.12258 0.114276
13 0.0770462 0.168712 0.749204 0.00503766
13 0.0183469 0.332929 0.581695 0.0670294
13 0.0212094 0.0341822 0.703886 0.240722
13 0.00670031 0.0775725 0.791367 0.12436
13 0.0220522 0.055232 0.61511 0.307606
13 0.0346827 0.107423 0.719897 0.137997
13 0.0873662 0.0899715 0.758238 0.0644248
18 0.00154044 0.0395453 0.0609578 0.897956
13 0.274242 0.257634 0.385659 0.0824653
13 0.00939345 0.102081 0.56784 0.320686
13 0.0375598 0.118514 0.686504 0.157422
7 0.0571663 0.464934 0.41456 0.0633392
13 0.0120885 0.199585 0.495865 0.292461
13 0.103751 0.153169 0.734731 0.00834954
18 0.0154112 0.0961522 0.333535 0.554901
7 0.0241015 0.486212 0.389936 0.09975
13 0.0139404 0.0530381 0.804423 0.128598
13 0.0490191 0.442265 0.45364 0.055076
13 0.229145 0.283299 0.441307 0.0462489
13 0.0856801 0.167696 0.738345 0.00827837
13 0.0613324 0.0987138 0.705768 0.134186
13 0.0103796 0.0981941 0.619286 0.27214
13 0.160651 0.11738 0.661248 0.0607208
13 0.243084 0.200597 0.546218 0.0101011
13 0.120455 0.330777 0.524736 0.0240317
7 0.0513243 0.521984 0.393329 0.0333629
13 0.0193448 0.0860691 0.602665 0.291921
13 0.0570709 0.158441 0.74003 0.0444582
18 0.00369976 0.0800454 0.428638 0.487616
13 0.0157123 0.177537 0.802117 0.00463347
13 0.00310957 0.0402222 0.703356 0.253313
0 0.75513 0.0862226 0.157233 0.00141526
13 0.0217468 0.173333 0.772869 0.0320511
0 0.488169 0.0985824 0.410246 0.00300284
13 0.204682 0.0904205 0.698775 0.00612221
13 0.00613228 0.244959 0.405145 0.343764
13 0.210886 0.229847 0.554423 0.00484443
7 0.0953444 0.63366 0.122628 0.148367
18 0.0029587 0.1353 0.278797 0.582945
13 0.0886015 0.368637 0.485736 0.0570253
13 0.0581263 0.170669 0.765351 0.00585363
13 0.0300127 0.0385261 0.51435 0.417112
7 0.107504 0.628302 0.163882 0.100312
13 0.0621196 0.0838751 0.699007 0.154998
13 0.0237405 0.08247 0.764915 0.128874
13 0.0302789 0.125915 0.730905 0.112902
7 0.0471097 0.620854 0.31847 0.0135657
13 0.0515094 0.220304 0.652095 0.0760908
18 0.0104183 0.0718616 0.263708 0.654012
13 0.0160567 0.150322 0.778805 0.0548163
13 0.320434 0.198841 0.475487 0.00523832
13 0.0968712 0.152992 0.741517 0.00862011
13 0.0439502 0.295487 0.655753 0.00480943
13 0.11643 0.0997334 0.780091 0.00374617
13 0.00861959 0.198933 0.768381 0.024067
13 0.0493828 0.138355 0.780042 0.0322198
13 0.0692288 0.224501 0.631365 0.0749046
13 0.0301592 0.174981 0.781577 0.0132829
13 0.0142826 0.0844756 0.585551 0.31569
13 0.0406115 0.163019 0.723873 0.0724957
18 0.0115156 0.0405669 0.344967 0.602951
13 0.0601472 0.100609 0.753144 0.0860996
13 0.0433927 0.185618 0.738105 0.032885
13 0.00835997 0.140338 0.802452 0.0488501
18 0.00538079 0.0371498 0.355269 0.6022
7 0.0682616 0.415884 0.36078 0.155074
13 0.0253376 0.0808485 0.79689 0.0969234
13 0.0220899 0.0446134 0.855962 0.0773351
13 0.0151326 0.174362 0.76992 0.0405852
13 0.139284 0.210122 0.637397 0.0131967
13 0.0320633 0.0374031 0.797544 0.132989
18 0.0134724 0.0620224 0.270016 0.654489
7 0.0263112 0.660296 0.302053 0.0113399
7 0.0143011 0.399177 0.292037 0.294485
13 0.0780687 0.104802 0.701893 0.115237
13 0.0292876 0.174509 0.765864 0.0303394
7 0.0449473 0.438288 0.425889 0.0908754
13 0.0221702 0.146838 0.71203 0.118962
13 0.0240195 0.112593 0.85605 0.00733757
13 0.0204743 0.0994403 0.753681 0.126404
13 0.0847425 0.0812644 0.454191 0.379802
13 0.114312 0.358005 0.473068 0.0546149
13 0.0606754 0.302403 0.62777 0.00915192
13 0.0371295 0.200952 0.726823 0.035095
13 0.0674881 0.103133 0.820646 0.00873329
13 0.00635799 0.0786239 0.680729 0.234289
13 0.093357 0.394531 0.491813 0.0202989
13 0.0139736 0.121973 0.849269 0.0147849
13 0.107215 0.0947061 0.774339 0.0237401
13 0.0564132 0.159581 0.682038 0.101968
13 0.290703 0.288442 0.394586 0.0262698
13 0.0686261 0.265147 0.661949 0.0042779
18 0.00670501 0.0227892 0.303866 0.66664
13 0.0509541 0.0633969 0.865549 0.0200998
13 0.0242263 0.0761005 0.78515 0.114524
13 0.00680692 0.175337 0.74054 0.0773154
13 0.00541865 0.056078 0.485382 0.453121
13 0.0940971 0.402817 0.501088 0.00199779
13 0.0160647 0.177836 0.79989 0.00620876
0 0.430371 0.269401 0.296455 0.00377309
7 0.017628 0.596314 0.152962 0.233096
18 0.00989593 0.0658635 0.0515058 0.872735
18 0.0104971 0.062733 0.143603 0.783167
13 0.0290018 0.403267 0.456811 0.11092
18 0.00481887 0.150831 0.112998 0.731352
7 0.420348 0.458955 0.0638713 0.0568251
18 0.000975813 0.0308026 0.122507 0.845715
7 0.00988402 0.507315 0.0697117 0.413089
18 0.000236993 0.0375364 0.0256824 0.936544
18 0.00438907 0.0383999 0.0767029 0.880508
18 0.0380263 0.110862 0.0720938 0.779017
13 0.0197706 0.0783885 0.599793 0.302048
13 0.0152779 0.115121 0.755895 0.113707
18 0.0291315 0.0807368 0.347036 0.543096
13 0.0252963 0.0517876 0.578062 0.344854
18 0.0104271 0.0790443 0.34566 0.564869
18 0.0142539 0.0748494 0.281881 0.629016
18 0.00210063 0.114966 0.0857987 0.797135
13 0.00550125 0.207032 0.472914 0.314553
18 0.0109581 0.0869412 0.140393 0.761708
18 0.00317986 0.054398 0.14117 0.801252
18 0.0131267 0.0441898 0.175263 0.76742
18 0.00749734 0.0835217 0.18758 0.721401
13 0.0160995 0.135514 0.466145 0.382242
18 0.0127884 0.0957961 0.135139 0.756277
18 0.0282972 0.144985 0.0877783 0.73894
18 0.0151073 0.0639607 0.109314 0.811618
18 0.0166417 0.115553 0.24857 0.619235
18 0.00846249 0.0979682 0.133904 0.759665
18 0.00158648 0.0621851 0.0306321 0.905596
18 0.00436122 0.0640585 0.224887 0.706694
18 0.0219834 0.166099 0.194195 0.617722
13 0.0157099 0.0582592 0.692038 0.233993
18 0.0398572 0.0729158 0.141833 0.745394
18 0.00247367 0.0402979 0.0290077 0.928221
18 0.0106097 0.0694041 0.310069 0.609917
18 0.0048279 0.0595506 0.142909 0.792713
7 0.0784459 0.58592 0.136501 0.199133
18 0.00171848 0.131153 0.300546 0.566582
18 0.0119657 0.135762 0.285389 0.566884
18 0.0100893 0.0326202 0.14502 0.812271
18 0.00707613 0.0526701 0.113831 0.826423
18 0.015208 0.0942244 0.14959 0.740978
18 0.00383006 0.0434085 0.0729274 0.879834
18 0.00234518 0.0385419 0.231424 0.727689
18 0.00483732 0.0931626 0.280578 0.621422
18 0.000923165 0.0732142 0.13142 0.794443
18 0.0394851 0.0422709 0.13916 0.779084
13 0.0142258 0.18727 0.714924 0.0835798
18 0.0042446 0.0508693 0.144391 0.800495
18 0.002996 0.0943787 0.137925 0.7647
18 0.00120388 0.140116 0.336083 0.522596
18 0.00266405 0.0226755 0.0353691 0.939291
18 0.00466886 0.110916 0.120993 0.763422
18 0.00882573 0.0480272 0.198758 0.744389
18 0.0205205 0.16478 0.100844 0.713856
18 0.209351 0.306452 0.0998093 0.384387
18 0.067242 0.130236 0.150128 0.652393
18 0.00895769 0.0883682 0.155292 0.747382
18 0.0140714 0.0567321 0.363981 0.565216
18 0.00101205 0.0838516 0.0568846 0.858252
18 0.0468153 0.0991186 0.347596 0.50647
18 0.00887378 0.0944957 0.0465322 0.850098
7 0.0114926 0.431247 0.1749 0.382361
7 0.0240212 0.428222 0.148842 0.398915
18 0.0128306 0.119058 0.09169 0.776422
18 0.00153811 0.053388 0.0137736 0.9313
0 0.457924 0.362917 0.0760858 0.103073
18 0.107794 0.254752 0.224773 0.41268
18 0.0304885 0.0635046 0.157537 0.74847
18 0.00602501 0.0604606 0.112066 0.821448
18 0.00928092 0.077495 0.270996 0.642228
18 0.00648111 0.0538022 0.132969 0.806748
18 0.00303298 0.0187893 0.118896 0.859281
18 0.0131118 0.0893995 0.220138 0.67735
13 0.0129368 0.248759 0.641398 0.0969064
7 0.0110152 0.700961 0.0567693 0.231255
18 0.00125692 0.0371183 0.152176 0.809448
18 0.0110705 0.038902 0.188228 0.7618
18 0.00425976 0.0270714 0.121047 0.847621
18 0.0253181 0.0774446 0.351187 0.54605
18 0.0130135 0.102539 0.196798 0.68765
7 0.0317738 0.494018 0.28922 0.184988
18 0.0125638 0.0449241 0.27649 0.666022
13 0.0161429 0.150885 0.701193 0.131779
18 0.0109247 0.0699964 0.203976 0.715103
18 0.0013247 0.0320654 0.0764465 0.890163
18 0.00147633 0.0500914 0.0707052 0.877727
18 0.0167834 0.0335855 0.304338 0.645293
18 0.0258307 0.340557 0.104914 0.528698
18 0.00159462 0.109741 0.0181506 0.870514
18 0.00489979 0.024132 0.092562 0.878406
18 0.00741184 0.0667815 0.14613 0.779677
18 0.00456958 0.091741 0.224717 0.678973
13 0.0488665 0.101047 0.725223 0.124864
18 0.00162804 0.006488 0.0919355 0.899948
13 0.0226455 0.0512374 0.645156 0.280961
13 0.0199918 0.16489 0.587187 0.227931
7 0.0173708 0.374251 0.301755 0.306623
