labels 0 7 13 18
0 0.850475 0.102828 0.018854 0.0278424
0 0.969884 0.0182004 0.0114621 0.000453252
0 0.91923 0.0649519 0.0128936 0.00292439
0 0.877768 0.0157448 0.106303 0.000184539
0 0.826047 0.106439 0.0553041 0.0122094
0 0.787675 0.103796 0.0789546 0.0295741
0 0.872357 0.103602 0.0214636 0.00257703
0 0.798972 0.106661 0.0678072 0.0265599
0 0.961787 0.0184299 0.0187768 0.00100596
0 0.941993 0.027968 0.0218652 0.00817369
0 0.853892 0.100942 0.0395495 0.00561672
0 0.815315 0.0745358 0.108869 0.00128038
0 0.849145 0.0972885 0.0500041 0.00356242
0 0.938602 0.0103524 0.0501576 0.000887869
0 0.907227 0.0848355 0.0068961 0.00104136
0 0.811922 0.106379 0.0731853 0.00851377
0 0.805614 0.0992993 0.090741 0.0043455
0 0.810763 0.0828691 0.104911 0.0014569
0 0.864812 0.0998706 0.0190791 0.016238
0 0.956401 0.0225887 0.00652528 0.0144847
0 0.824963 0.101198 0.0288632 0.0449757
0 0.898461 0.0936694 0.00378653 0.00408308
0 0.959442 0.011868 0.024062 0.00462762
0 0.85223 0.10099 0.0337447 0.0130349
0 0.815941 0.10682 0.0746489 0.00259046
0 0.957351 0.0388254 0.00162886 0.00219498
0 0.824218 0.106939 0.0618944 0.00694896
0 0.784643 0.0633677 0.0894216 0.0625674
0 0.806574 0.102641 0.0876371 0.00314776
0 0.817621 0.107098 0.0714399 0.00384135
0 0.455593 0.35009 0.164212 0.0301051
0 0.814638 0.105975 0.0545573 0.0248299
0 0.787676 0.0707442 0.100482 0.0410972
0 0.815042 0.0761251 0.107839 0.000993673
0 0.819192 0.106834 0.0633145 0.0106595
0 0.845729 0.0640522 0.0876972 0.00252108
0 0.802327 0.0560275 0.10815 0.0334949
0 0.8135 0.105813 0.0569668 0.0237205
0 0.777994 0.0999976 0.0731667 0.0488419
0 0.820815 0.0894337 0.0854437 0.00430795
0 0.887703 0.104367 0.0026342 0.00529664
0 0.808387 0.0898911 0.101011 0.000710465
0 0.598972 0.370869 0.0291742 0.000985598
0 0.831979 0.0320742 0.0958064 0.0401408
0 0.844901 0.120183 0.033976 0.000939919
0 0.983883 0.0116872 0.00383205 0.000597995
0 0.920025 0.0523005 0.0228744 0.00480009
0 0.732486 0.0524803 0.174495 0.0405384
0 0.85117 0.0996585 0.0424433 0.00672769
13 0.154613 0.15445 0.650514 0.0404238
0 0.895736 0.0943443 0.00452828 0.00539188
0 0.807822 0.1018 0.090024 0.000354512
0 0.819529 0.107228 0.0695683 0.00367487
0 0.830247 0.059989 0.108849 0.000915212
0 0.796578 0.105043 0.0821319 0.0162466
0 0.808456 0.103878 0.0853365 0.00232929
0 0.884722 0.103933 0.00677065 0.00457455
0 0.836578 0.105052 0.0500451 0.00832411
0 0.958843 0.0388477 0.00205395 0.000255373
0 0.892161 0.1047 0.00266426 0.00047497
0 0.806515 0.105361 0.0797142 0.00840994
0 0.963441 0.0234538 0.0114792 0.00162632
0 0.881421 0.103637 0.0140968 0.000844795
0 0.833915 0.101083 0.0392415 0.0257605
0 0.989114 0.00856534 0.000823556 0.00149729
0 0.797891 0.106231 0.0709692 0.0249083
0 0.808259 0.101901 0.0732359 0.0166046
0 0.877247 0.0824956 0.0365863 0.00367162
0 0.825385 0.10743 0.065635 0.00154976
0 0.885741 0.103896 0.00453902 0.0058245
0 0.800268 0.10381 0.0740976 0.0218249
0 0.813405 0.0729781 0.107887 0.00572997
0 0.98396 0.0133627 0.00239346 0.000283374
0 0.779337 0.101323 0.0753273 0.0440133
0 0.882487 0.103981 0.0107406 0.00279175
0 0.929382 0.0591737 0.00906536 0.00237868
0 0.884864 0.103769 0.00475929 0.00660784
0 0.784584 0.0850174 0.0720327 0.0583663
0 0.788539 0.102981 0.0854209 0.023059
0 0.981477 0.0147635 0.00339901 0.000360383
0 0.741542 0.0886008 0.168264 0.0015934
0 0.917994 0.0487273 0.0331713 0.000106946
0 0.91838 0.0588122 0.0208471 0.00196042
0 0.797209 0.0994783 0.0910442 0.0122684
0 0.84128 0.0719983 0.0803555 0.0063661
13 0.244958 0.226489 0.516524 0.012029
0 0.854082 0.103015 0.0295342 0.0133688
0 0.874845 0.0516394 0.027836 0.0456799
0 0.850636 0.0993166 0.0218409 0.0282062
0 0.864856 0.0981976 0.00905511 0.0278918
0 0.83034 0.105656 0.0528636 0.0111404
13 0.355581 0.0548346 0.568493 0.0210913
0 0.984902 0.0134688 0.000572223 0.00105705
0 0.861824 0.10266 0.0234202 0.0120962
13 0.330143 0.0399237 0.605645 0.0242884
0 0.869794 0.121684 0.00793144 0.000590236
0 0.811356 0.106333 0.0467058 0.0356052
0 0.966823 0.0302524 0.001085 0.00183995
0 0.804673 0.088222 0.101099 0.00600589
0 0.806468 0.103147 0.086046 0.00433911
13 0.102171 0.159237 0.500742 0.237849
0 0.794974 0.106374 0.0741252 0.0245265
0 0.921232 0.059518 0.0165414 0.00270845
0 0.802297 0.0643266 0.10668 0.0266963
0 0.667389 0.0841613 0.243087 0.0053625
0 0.890103 0.104491 0.00321131 0.00219455
0 0.862775 0.104106 0.0308489 0.00226978
0 0.78765 0.0938074 0.0972102 0.0213324
0 0.91192 0.0629567 0.0160302 0.00909333
0 0.821218 0.0966612 0.0364459 0.0456749
0 0.890142 0.10424 0.00475286 0.000864509
0 0.71012 0.0681381 0.210409 0.0113334
0 0.946684 0.029042 0.00512395 0.0191497
0 0.868622 0.0219028 0.102985 0.00648998
0 0.820997 0.0838612 0.0911452 0.00399652
0 0.976548 0.00944841 0.0131475 0.000856077
0 0.953726 0.0439493 0.00222485 0.000100147
0 0.77641 0.0970133 0.0905295 0.0360468
0 0.810042 0.0676209 0.108258 0.0140797
0 0.801591 0.104377 0.08284 0.0111913
0 0.78942 0.0939137 0.0555095 0.0611565
0 0.972553 0.0154218 0.0111758 0.000849007
0 0.795216 0.104935 0.0820587 0.0177895
0 0.814136 0.0678725 0.108393 0.00959825
0 0.812238 0.105421 0.0814121 0.000929189
0 0.776302 0.0844089 0.0968511 0.0424378
0 0.82092 0.106762 0.0632353 0.00908196
0 0.841453 0.105833 0.0500664 0.00264745
0 0.792438 0.0682236 0.107639 0.0316994
0 0.877549 0.102996 0.0127286 0.00672582
0 0.835535 0.0925708 0.0193678 0.0525269
0 0.846046 0.0985311 0.0456294 0.00979397
0 0.782084 0.0745944 0.137102 0.00622017
0 0.792842 0.0769984 0.106827 0.023332
0 0.480065 0.218554 0.300887 0.000494332
0 0.885177 0.104068 0.0099421 0.000813011
0 0.819223 0.106841 0.0667524 0.00718397
0 0.910492 0.0190975 0.0700931 0.000317046
0 0.782939 0.103213 0.0666263 0.0472214
0 0.873665 0.0113002 0.105509 0.0095264
0 0.895768 0.0357842 0.0623962 0.00605192
0 0.791963 0.105683 0.0771957 0.0251585
0 0.664378 0.0604431 0.219398 0.0557809
0 0.960041 0.0392927 0.000530769 0.000135269
0 0.878366 0.103614 0.0124675 0.00555312
0 0.949625 0.0427067 0.00643418 0.00123375
0 0.859742 0.104156 0.0343217 0.00178074
0 0.903245 0.0693924 0.0272025 0.000160447
0 0.860855 0.102231 0.0351936 0.00172017
0 0.871423 0.0226775 0.105049 0.000850886
0 0.791363 0.0700988 0.105156 0.0333823
0 0.801627 0.102474 0.0868786 0.00902071
7 0.237802 0.453018 0.304353 0.00482733
0 0.779438 0.100024 0.0709401 0.0495972
18 0.0487674 0.0152793 0.267463 0.66849
0 0.845259 0.0738569 0.043818 0.0370658
13 0.282175 0.124295 0.567373 0.0261567
0 0.747212 0.109518 0.12463 0.0186392
0 0.983901 0.0139956 0.00208057 2.28058e-05
0 0.806763 0.0900716 0.0889495 0.014216
0 0.867164 0.103638 0.0238934 0.00530481
0 0.910294 0.0175989 0.0418251 0.0302824
0 0.94805 0.0481725 0.00287889 0.000898749
0 0.804917 0.102609 0.0872891 0.00518469
0 0.781648 0.087518 0.100588 0.0302459
0 0.710996 0.119979 0.154377 0.014648
0 0.962137 0.0280211 0.00821077 0.0016313
0 0.837211 0.103853 0.0453137 0.0136216
0 0.890524 0.10454 0.00453063 0.000405667
0 0.848926 0.105095 0.0441863 0.00179287
0 0.825128 0.100823 0.0671159 0.00693301
0 0.784556 0.0824184 0.112315 0.020711
0 0.78558 0.104706 0.0745167 0.0351983
0 0.850324 0.104825 0.0429911 0.00185989
0 0.369815 0.289199 0.31364 0.0273461
0 0.962723 0.0333134 0.00230626 0.00165741
13 0.345259 0.087371 0.432968 0.134402
0 0.886139 0.103659 0.0100766 0.00012537
0 0.962624 0.0206723 0.00786257 0.00884145
0 0.806089 0.106658 0.0714833 0.0157698
0 0.913447 0.0791794 0.00347324 0.00390016
0 0.883703 0.0357169 0.0800993 0.00048106
0 0.847823 0.0435759 0.105702 0.00289935
0 0.877845 0.103213 0.00481409 0.0141287
0 0.870492 0.065115 0.0519606 0.0124321
0 0.878666 0.102805 0.0114684 0.00706066
0 0.87349 0.103014 0.0219185 0.0015771
0 0.595506 0.215266 0.174992 0.0142358
13 0.300982 0.12805 0.44892 0.122048
0 0.828282 0.0607414 0.108814 0.00216302
0 0.960475 0.0367538 0.00261798 0.000152794
0 0.808809 0.0887459 0.101828 0.000616864
0 0.833963 0.10296 0.0263272 0.0367507
0 0.889093 0.0754454 0.0167134 0.0187478
0 0.803557 0.0847177 0.103282 0.00844346
0 0.879456 0.0876028 0.032161 0.000779707
0 0.792654 0.096516 0.0948442 0.0159855
0 0.970975 0.0259245 0.00277779 0.000323109
0 0.886818 0.104054 0.00833031 0.000797881
0 0.832505 0.0284602 0.105944 0.0330903
0 0.964928 0.0322463 0.00202601 0.000799577
0 0.820465 0.107047 0.065 0.00748813
0 0.946821 0.0426542 0.00543168 0.00509273
0 0.473331 0.0731901 0.435513 0.0179658
0 0.798497 0.106357 0.0536669 0.0414788
0 0.73368 0.0709742 0.19074 0.00460583
0 0.98029 0.0115894 0.00714022 0.000980154
0 0.78195 0.0781689 0.0936107 0.0462701
0 0.888354 0.104177 0.00510669 0.00236148
0 0.844539 0.0818265 0.0133747 0.06026
0 0.808802 0.0895443 0.101292 0.000361862
0 0.934707 0.0570564 0.00512209 0.00311421
0 0.788554 0.079437 0.103177 0.0288324
0 0.847389 0.0218053 0.101508 0.0292982
0 0.990043 0.00856303 0.000633552 0.000760689
0 0.885928 0.0695254 0.0353691 0.00917719
0 0.992943 0.00656834 0.0004748 1.3377e-05
0 0.855777 0.0338854 0.106419 0.00391855
0 0.78687 0.102373 0.062761 0.0479958
0 0.88437 0.103935 0.0102163 0.00147894
18 0.00868974 0.29868 0.156232 0.536398
7 0.00138659 0.766418 0.148683 0.083513
7 0.0877164 0.802692 0.108163 0.0014292
7 0.00616716 0.716856 0.230338 0.046639
7 0.140618 0.610513 0.217367 0.0315015
7 0.109254 0.748933 0.13474 0.00707297
7 0.0982261 0.758066 0.100541 0.0431665
7 0.101198 0.743942 0.100074 0.0547861
7 0.0878821 0.743974 0.119955 0.0481885
7 0.0502673 0.929154 0.0110168 0.00956178
7 0.0877692 0.758138 0.134871 0.019222
7 0.0616854 0.780993 0.154106 0.00321566
7 0.0572377 0.782028 0.0567718 0.103962
7 0.0930017 0.860607 0.0430004 0.00339124
7 0.0961357 0.772325 0.127731 0.00380817
7 0.074024 0.667271 0.215229 0.043476
7 0.0377266 0.707393 0.244828 0.0100523
7 0.0757641 0.751569 0.167166 0.0055002
7 0.0497339 0.846792 0.0950357 0.00843875
7 0.0321016 0.953868 0.0105258 0.00350436
7 0.0299202 0.879907 0.0812465 0.00892662
7 0.0910665 0.818056 0.0903214 0.000555771
7 0.0400654 0.735093 0.124897 0.0999446
7 0.0909379 0.859718 0.0383556 0.0109881
7 0.088935 0.891575 0.0110437 0.00844603
7 0.0339877 0.734727 0.150935 0.0803509
7 0.0540978 0.532167 0.357134 0.0566006
13 0.0516638 0.339691 0.566357 0.0422884
7 0.0144789 0.786425 0.0964311 0.102665
7 0.00838562 0.76535 0.155236 0.0710276
7 0.022779 0.839813 0.118964 0.0184436
7 0.081388 0.750338 0.146245 0.0220289
7 0.0167672 0.761657 0.156697 0.0648789
7 0.0221287 0.456001 0.299621 0.222249
7 0.0580494 0.761039 0.158034 0.0228779
13 0.0224537 0.423011 0.551039 0.00349581
18 0.0359144 0.260221 0.120548 0.583317
7 0.00250498 0.825686 0.163562 0.00824664
7 0.0884072 0.791687 0.0435946 0.0763117
7 0.0375555 0.810588 0.149495 0.00236079
7 0.101051 0.750353 0.0865497 0.0620462
7 0.0776494 0.740262 0.0852356 0.0968525
7 0.0891042 0.731541 0.132407 0.0469477
7 0.100419 0.806422 0.08946 0.00369913
7 0.0510669 0.67453 0.219814 0.0545885
7 0.0614719 0.775182 0.152674 0.0106722
7 0.0603237 0.748856 0.143162 0.0476578
7 0.0163824 0.604051 0.343252 0.0363152
7 0.0243787 0.815916 0.118789 0.0409168
7 0.0896908 0.877588 0.0271797 0.0055419
7 0.0718297 0.713926 0.12468 0.0895647
18 0.00130242 0.320198 0.158627 0.519872
7 0.107627 0.774144 0.100439 0.0177894
7 0.0786386 0.745679 0.150129 0.0255533
7 0.0365883 0.932821 0.0172321 0.0133584
7 0.0145599 0.729446 0.206926 0.0490681
7 0.0320208 0.592191 0.215077 0.160712
7 0.0271235 0.757114 0.159235 0.0565272
7 0.127075 0.782308 0.0808151 0.0098021
7 0.0716153 0.761658 0.153852 0.0128749
7 0.020264 0.750902 0.149518 0.0793164
7 0.0295486 0.866049 0.0880395 0.0163631
7 0.0327838 0.775732 0.117678 0.0738069
7 0.0915943 0.848479 0.0593221 0.00060443
7 0.0209419 0.7816 0.159342 0.0381166
7 0.00402905 0.902136 0.082302 0.0115325
7 0.0215143 0.80782 0.161359 0.00930732
7 0.0358539 0.796681 0.160334 0.00713091
7 0.0423006 0.576311 0.298222 0.0831663
7 0.0181717 0.903861 0.0732308 0.00473633
7 0.00405852 0.764016 0.144047 0.0878782
7 0.0224701 0.794428 0.158145 0.0249574
7 0.00908477 0.782026 0.161387 0.047502
7 0.0240629 0.813334 0.159581 0.00302246
7 0.0902516 0.888509 0.0197824 0.0014573
7 0.0157647 0.754882 0.143604 0.0857492
7 0.10905 0.751977 0.0738501 0.0651234
7 0.165493 0.715357 0.087338 0.031812
7 0.0129548 0.793421 0.15853 0.0350938
7 0.0124351 0.799365 0.154501 0.0336995
7 0.0785061 0.74633 0.149486 0.0256773
7 0.00579996 0.911348 0.0804084 0.00244334
7 0.00830859 0.890373 0.0125498 0.0887681
7 0.0665338 0.718896 0.119562 0.0950079
7 0.0175778 0.755585 0.13304 0.0937969
7 0.021882 0.654137 0.211991 0.11199
7 0.0945866 0.831764 0.0660761 0.00757312
7 0.0471357 0.779565 0.160757 0.012542
7 0.0321045 0.669135 0.260554 0.0382072
7 0.0416344 0.744476 0.129183 0.084706
7 0.403269 0.495494 0.0976207 0.00361573
7 0.171354 0.454066 0.336488 0.038092
7 0.0886806 0.892102 0.013712 0.00550536
7 0.00930036 0.769659 0.120168 0.100873
7 0.0329829 0.743189 0.121997 0.101831
7 0.0759093 0.751772 0.114112 0.0582062
7 0.0585715 0.766417 0.159099 0.015913
7 0.0808571 0.754954 0.138125 0.0260638
7 0.0483991 0.773149 0.159088 0.0193633
7 0.0433341 0.468284 0.452486 0.035896
7 0.0357545 0.742372 0.158561 0.0633133
7 0.00563881 0.767118 0.129756 0.097487
7 0.076388 0.514408 0.398364 0.0108392
7 0.0754684 0.763547 0.152321 0.00866337
7 0.0452455 0.752231 0.159552 0.0429717
7 0.0794952 0.893966 0.0245794 0.00195915
7 0.0466692 0.855786 0.0657866 0.0317578
7 0.0875466 0.80267 0.0662696 0.0435141
7 0.0835516 0.654666 0.238134 0.0236489
7 0.0641857 0.767441 0.15777 0.0106027
7 0.0743408 0.804159 0.11913 0.00237017
7 0.0233663 0.911591 0.0518062 0.013237
7 0.0123237 0.761105 0.129996 0.0965758
7 0.027113 0.900199 0.0530748 0.0196131
7 0.0377019 0.543354 0.361456 0.0574876
7 0.0241046 0.809702 0.159885 0.0063076
7 0.0475725 0.784709 0.156569 0.0111503
7 0.0101669 0.771713 0.158752 0.0593683
7 0.0888867 0.886172 0.0194458 0.00549596
7 0.0650407 0.779481 0.0819793 0.0734988
7 0.0999531 0.797296 0.0900151 0.012736
7 0.0118079 0.797559 0.143616 0.047017
7 0.0324672 0.868368 0.0588501 0.0403145
7 0.1522 0.752156 0.068886 0.0267576
7 0.0177862 0.804659 0.141583 0.035972
7 0.0267875 0.762665 0.108346 0.102202
7 0.0686283 0.677402 0.0890725 0.164897
7 0.0371869 0.619594 0.235399 0.10782
7 0.0603972 0.752196 0.160216 0.0271905
7 0.0409206 0.776366 0.15126 0.0314534
7 0.0967402 0.824138 0.075091 0.00403046
7 0.0238516 0.735159 0.150425 0.0905644
7 0.0206688 0.427404 0.389765 0.162162
7 0.0909314 0.848692 0.0477774 0.0125989
7 0.00420143 0.789591 0.16196 0.0442472
7 0.0155382 0.757736 0.154712 0.0720134
7 0.0173302 0.761971 0.157812 0.062887
7 0.137442 0.74293 0.0854355 0.0341925
7 0.00614494 0.879705 0.0220165 0.092134
7 0.0225401 0.751729 0.155229 0.070502
7 0.00691843 0.783223 0.106807 0.103051
7 0.0899913 0.79004 0.0777258 0.0422433
7 0.0279982 0.781038 0.159031 0.0319332
7 0.0748501 0.738702 0.133469 0.0529784
7 0.126488 0.736334 0.132818 0.00435932
7 0.0241523 0.77702 0.162325 0.0365032
7 0.0198787 0.789621 0.121702 0.0687983
7 0.0897075 0.821933 0.0354108 0.0529484
7 0.019595 0.804128 0.0770395 0.099238
7 0.00609164 0.732828 0.143558 0.117522
7 0.0550624 0.757266 0.184353 0.00331857
7 0.0868767 0.76858 0.143348 0.00119439
7 0.0464494 0.78748 0.16182 0.00425087
7 0.0265234 0.905614 0.0641096 0.00375323
7 0.0966186 0.803377 0.0751564 0.0248476
7 0.100408 0.78023 0.10882 0.0105419
7 0.0920387 0.849246 0.0495383 0.00917675
7 0.00548591 0.769503 0.125745 0.0992657
7 0.0192133 0.753178 0.152822 0.074786
7 0.0227172 0.802905 0.160381 0.0139965
7 0.0833728 0.764237 0.147007 0.0053832
7 0.102442 0.748468 0.105325 0.0437654
7 0.0117506 0.959452 0.0200384 0.00875895
13 0.0587335 0.444827 0.491141 0.00529776
7 0.0913914 0.852852 0.0447968 0.0109597
7 0.0274409 0.958309 0.010542 0.00370796
7 0.0064797 0.91353 0.0634969 0.0164938
7 0.0545415 0.780658 0.159888 0.00491265
7 0.0280794 0.720792 0.234793 0.0163356
7 0.0918901 0.853575 0.0458578 0.00867716
7 0.0882202 0.745031 0.13375 0.032999
7 0.0456785 0.753467 0.15798 0.0428748
7 0.0684023 0.737285 0.154013 0.0402999
7 0.0911757 0.849363 0.0539998 0.00546098
7 0.0522115 0.642712 0.300451 0.00462506
7 0.00430927 0.769883 0.156718 0.0690898
7 0.00801921 0.757668 0.150589 0.0837241
7 0.216605 0.573028 0.181233 0.0291347
7 0.0713697 0.692624 0.206082 0.0299242
7 0.00271587 0.965602 0.0291833 0.00249916
7 0.340672 0.569644 0.0793058 0.0103787
7 0.0736841 0.763018 0.152105 0.0111927
7 0.0604211 0.735246 0.151134 0.0531995
7 0.0158448 0.771021 0.160492 0.0526421
7 0.0452141 0.848979 0.0685946 0.0372122
7 0.0707349 0.768731 0.154797 0.00573659
7 0.0320161 0.760036 0.0883938 0.119554
7 0.013465 0.771164 0.15989 0.0554811
7 0.0892342 0.887545 0.0189332 0.00428762
7 0.0323129 0.948804 0.0153677 0.00351552
7 0.0484689 0.745807 0.159316 0.0464087
7 0.0690708 0.768546 0.155502 0.0068805
7 0.0835556 0.832019 0.0733667 0.0110584
7 0.088616 0.767141 0.14056 0.00368312
7 0.102458 0.592099 0.195914 0.109528
7 0.0834711 0.786306 0.0892117 0.0410113
7 0.0888877 0.882621 0.024174 0.00431695
7 0.0425359 0.7812 0.160907 0.015357
7 0.0128134 0.841035 0.140534 0.00561793
7 0.0232322 0.758286 0.191703 0.0267787
7 0.0527215 0.723638 0.147665 0.0759754
7 0.150701 0.577445 0.242445 0.0294093
7 0.136929 0.753311 0.0735632 0.0361972
7 0.0485244 0.68169 0.255749 0.0140364
7 0.00369099 0.764275 0.143398 0.0886357
7 0.224493 0.592531 0.17466 0.00831622
7 0.0998736 0.80917 0.0869091 0.00404771
7 0.0350388 0.938473 0.0199728 0.006515
7 0.0744939 0.882474 0.0400666 0.00296566
7 0.055163 0.853681 0.0895727 0.00158297
7 0.029593 0.680415 0.204061 0.0859313
7 0.00293766 0.77844 0.160267 0.0583545
7 0.0894521 0.835839 0.0583596 0.0163493
7 0.0389666 0.771487 0.149736 0.0398098
7 0.0902851 0.876557 0.026585 0.00657249
7 0.0150172 0.770196 0.159414 0.0553725
7 0.00807196 0.812609 0.161636 0.0176836
7 0.02066 0.781424 0.159732 0.038184
7 0.0923737 0.854575 0.0498299 0.00322155
7 0.0128845 0.82323 0.163289 0.000596164
18 0.0108853 0.419784 0.101379 0.467952
7 0.0466641 0.837712 0.0908197 0.0248046
7 0.00138537 0.7686 0.204802 0.0252125
7 0.217822 0.601284 0.088324 0.0925697
7 0.0262879 0.807794 0.162027 0.00389101
7 0.0614227 0.769391 0.163666 0.00552069
7 0.0752739 0.75883 0.151657 0.0142389
7 0.00563228 0.829646 0.164126 0.000595684
7 0.0980066 0.72993 0.111263 0.0608005
7 0.089727 0.885097 0.0219797 0.00319603
7 0.0922594 0.861335 0.0432499 0.00315515
7 0.0610914 0.749535 0.0871109 0.102263
7 0.0426622 0.655167 0.24011 0.0620614
7 0.0931898 0.838579 0.0570553 0.0111764
7 0.0522275 0.775001 0.0707549 0.102017
7 0.0255712 0.927919 0.0346911 0.0118192
7 0.0469418 0.730215 0.152797 0.0700456
7 0.0728764 0.765389 0.153854 0.00788021
7 0.0429497 0.883317 0.0162687 0.0574644
7 0.0541021 0.782938 0.161429 0.00153061
7 0.0195813 0.816096 0.162458 0.00186398
7 0.0167667 0.590355 0.283448 0.10943
7 0.0459834 0.848856 0.0656835 0.0394768
7 0.0193774 0.790768 0.159143 0.0307114
7 0.0944863 0.806853 0.0592524 0.039408
7 0.0386312 0.796808 0.159905 0.0046556
7 0.00628431 0.808677 0.0838553 0.101183
7 0.0823571 0.82094 0.0596191 0.0370835
7 0.0291569 0.543814 0.206267 0.220762
7 0.0396027 0.805089 0.0589757 0.0963325
7 0.0294674 0.511327 0.408274 0.0509315
7 0.0678499 0.679626 0.249331 0.0031928
7 0.0319907 0.748287 0.117491 0.102231
7 0.017492 0.861585 0.117746 0.0031773
7 0.0351253 0.737765 0.143306 0.083803
13 0.0157237 0.423581 0.498389 0.0623063
7 0.012717 0.776461 0.160544 0.0502781
7 0.0710335 0.714518 0.126047 0.088402
7 0.0223501 0.814791 0.16025 0.00260867
7 0.096656 0.762933 0.0715359 0.0688754
7 0.0895516 0.829804 0.0126348 0.06801
7 0.0595521 0.755405 0.154821 0.0302224
7 0.0354359 0.637206 0.296339 0.031019
7 0.0195269 0.819681 0.143311 0.0174807
7 0.122895 0.778315 0.0927464 0.00604403
7 0.0479769 0.761572 0.12627 0.0641809
7 0.00989188 0.826327 0.163434 0.000346966
7 0.0575504 0.540575 0.367651 0.0342234
7 0.141808 0.680309 0.170187 0.00769566
7 0.0310173 0.798443 0.160577 0.00996369
7 0.0915233 0.761438 0.136039 0.0109995
7 0.0995682 0.800825 0.0879937 0.0116126
7 0.0515198 0.518878 0.377111 0.0524914
7 0.0184114 0.923103 0.0161922 0.0422939
7 0.111191 0.720769 0.117918 0.0501223
7 0.0472429 0.577699 0.333871 0.0411876
7 0.0145697 0.759714 0.155736 0.06998
7 0.0897074 0.864871 0.0405653 0.00485617
7 0.0813114 0.734168 0.148049 0.0364712
7 0.0440358 0.78531 0.161126 0.00952872
7 0.0567425 0.768907 0.158956 0.0153943
7 0.0895776 0.86432 0.0203497 0.0257532
7 0.0805185 0.862933 0.0495923 0.00695643
7 0.0119373 0.789776 0.162976 0.0353108
7 0.0403544 0.691776 0.249067 0.0188023
7 0.0410381 0.826474 0.123793 0.00869478
7 0.0848891 0.763746 0.143545 0.00781958
7 0.121353 0.611709 0.20053 0.0664075
7 0.0910519 0.855272 0.0452583 0.00841788
13 0.0178046 0.443479 0.455215 0.0835009
7 0.0928867 0.865483 0.0408018 0.000828421
7 0.0889893 0.889497 0.0184684 0.00304495
7 0.00550752 0.677836 0.0936537 0.223003
13 0.00594531 0.174395 0.46942 0.35024
7 0.0615547 0.741248 0.158542 0.0386547
7 0.0874249 0.723546 0.119927 0.0691017
7 0.0645508 0.774807 0.158491 0.00215074
7 0.0508188 0.785546 0.152617 0.011019
7 0.0238118 0.654458 0.264401 0.0573286
7 0.0434056 0.73859 0.158127 0.0598775
7 0.0857124 0.854935 0.0490941 0.0102583
18 0.00155816 0.445217 0.106675 0.44655
7 0.0994535 0.777047 0.117471 0.00602857
7 0.00305605 0.869961 0.113089 0.0138936
7 0.0619534 0.739277 0.155227 0.0435423
7 0.0598108 0.724272 0.128982 0.0869345
7 0.0374896 0.736482 0.153845 0.0721843
7 0.0112144 0.813232 0.162162 0.013392
7 0.0400066 0.742714 0.171979 0.0453009
7 0.0838735 0.87217 0.041324 0.00263267
7 0.070629 0.751081 0.1516 0.0266894
7 0.0861668 0.640701 0.262146 0.0109861
7 0.00803485 0.814846 0.11194 0.0651794
7 0.0562568 0.753061 0.15653 0.0341522
7 0.0568872 0.782547 0.140935 0.019631
7 0.064399 0.736676 0.148324 0.0506016
7 0.468504 0.480879 0.0488512 0.00176588
7 0.0927212 0.739667 0.133311 0.0343004
7 0.0989267 0.812942 0.0802937 0.00783801
7 0.00805056 0.775475 0.107975 0.1085
7 0.19743 0.713223 0.0866349 0.00271164
7 0.00565027 0.914436 0.0672019 0.0127122
7 0.050848 0.715589 0.170942 0.0626204
13 0.0240369 0.259169 0.667727 0.0490673
7 0.0683968 0.771607 0.156741 0.00325482
7 0.075276 0.768441 0.152494 0.00378943
7 0.0115722 0.795569 0.130153 0.0627058
13 0.0368144 0.162157 0.796228 0.0048002
13 0.0664358 0.160546 0.766529 0.00648921
13 0.0415732 0.0784041 0.568324 0.311699
13 0.0242262 0.0560539 0.823903 0.0958167
13 0.0647916 0.0743374 0.728019 0.132852
13 0.0963333 0.14123 0.755168 0.00726854
13 0.0291785 0.160116 0.803688 0.00701776
13 0.0342023 0.162769 0.726069 0.0769598
13 0.0116524 0.0963036 0.645841 0.246203
13 0.0639822 0.148544 0.694322 0.093152
13 0.0576859 0.152139 0.713866 0.0763086
13 0.0999359 0.141589 0.722124 0.0363504
13 0.104197 0.128152 0.756898 0.0107533
13 0.098413 0.135649 0.750359 0.0155789
13 0.0717494 0.15869 0.760636 0.00892486
13 0.0256273 0.15877 0.794532 0.0210714
13 0.108251 0.117687 0.757822 0.0162404
13 0.0401626 0.169499 0.692325 0.0980134
13 0.101779 0.139475 0.710794 0.0479526
13 0.0568904 0.156697 0.769198 0.0172145
13 0.0403461 0.0844908 0.847441 0.0277221
13 0.0597672 0.0845887 0.824096 0.0315479
13 0.00198624 0.0206651 0.806144 0.171205
13 0.0255182 0.11549 0.731003 0.127988
13 0.208658 0.13823 0.643289 0.00982278
13 0.113322 0.111589 0.723622 0.0514661
13 0.108883 0.0879543 0.795481 0.00768174
13 0.078867 0.05245 0.799117 0.0695657
13 0.294338 0.0969117 0.601845 0.00690448
13 0.0629236 0.162271 0.773924 0.00088141
13 0.0434714 0.0975136 0.729394 0.129621
13 0.043293 0.160683 0.759484 0.03654
13 0.0723545 0.10554 0.816392 0.00571437
13 0.0064377 0.160974 0.750756 0.0818324
13 0.00883547 0.0486051 0.816494 0.126066
13 0.0646224 0.160701 0.764798 0.00987863
13 0.0526236 0.152994 0.700677 0.0937061
13 0.0221708 0.103744 0.742718 0.131367
13 0.11092 0.0828662 0.74355 0.0626641
13 0.0392002 0.162503 0.791178 0.00711827
13 0.048098 0.324174 0.587854 0.0398744
13 0.098055 0.140876 0.73323 0.0278387
18 0.0140798 0.0325524 0.234333 0.719035
13 0.10507 0.117688 0.714759 0.0624827
13 0.0825775 0.129634 0.738138 0.0496498
13 0.0369642 0.0788917 0.825841 0.0583028
13 0.0339589 0.160471 0.736433 0.0691371
13 0.0617588 0.160965 0.761719 0.0155576
13 0.0529984 0.0904477 0.643462 0.213092
13 0.0757074 0.158794 0.712659 0.0528403
13 0.103664 0.0964263 0.695744 0.104165
13 0.0806438 0.0334544 0.804595 0.0813072
13 0.050298 0.0392767 0.785036 0.12539
13 0.0257138 0.134426 0.719894 0.119966
13 0.0782472 0.156477 0.763008 0.00226745
13 0.0316773 0.0262767 0.907772 0.0342744
13 0.106043 0.0506803 0.757218 0.0860583
13 0.0507439 0.056011 0.780825 0.11242
13 0.0600674 0.160306 0.713927 0.0656991
13 0.0610212 0.152499 0.760266 0.0262143
13 0.0348156 0.164675 0.734323 0.0661865
13 0.110012 0.103054 0.779786 0.00714835
13 0.0316608 0.162206 0.791941 0.0141926
13 0.0744733 0.156857 0.755375 0.0132953
13 0.0336861 0.0767785 0.595863 0.293672
13 0.0284321 0.23455 0.692053 0.0449655
13 0.0569264 0.0765993 0.858668 0.00780585
13 0.0214616 0.0869727 0.536539 0.355026
13 0.0422057 0.052026 0.815794 0.0899746
13 0.0742576 0.076402 0.71973 0.129611
13 0.0644524 0.161266 0.772495 0.00178631
13 0.076471 0.159394 0.735159 0.028976
13 0.100802 0.134835 0.757753 0.00660989
13 0.0143183 0.0649102 0.792846 0.127925
13 0.0705938 0.123674 0.715104 0.0906283
13 0.0209749 0.0736748 0.785475 0.119875
13 0.00311648 0.0479106 0.822473 0.1265
13 0.0908433 0.149256 0.705795 0.0541053
13 0.0883999 0.145774 0.695243 0.070583
13 0.0510589 0.16087 0.760715 0.027357
13 0.00917601 0.153326 0.738896 0.0986017
18 0.00237964 0.210693 0.295887 0.49104
13 0.0111349 0.163928 0.816637 0.00829947
13 0.104648 0.0995588 0.795067 0.000725514
13 0.0909469 0.0259352 0.882459 0.000659205
13 0.0599699 0.154542 0.699639 0.0858499
13 0.0189326 0.0919487 0.770297 0.118822
13 0.0496619 0.157877 0.747495 0.044967
13 0.0883417 0.0948644 0.69631 0.120484
13 0.0370448 0.101986 0.815313 0.045656
13 0.0139373 0.133504 0.735544 0.117015
13 0.138531 0.226801 0.627366 0.0073019
13 0.0817366 0.0801907 0.746456 0.0916167
13 0.228746 0.132866 0.604938 0.0334497
13 0.0542075 0.351824 0.533193 0.0607751
13 0.0328845 0.218816 0.617217 0.131083
13 0.0170114 0.146255 0.786298 0.0504354
13 0.0725352 0.141502 0.740148 0.0458143
13 0.0448696 0.159822 0.784493 0.0108155
13 0.042899 0.141035 0.702632 0.113434
13 0.0814834 0.131805 0.695039 0.091672
13 0.0495894 0.11568 0.712458 0.122273
13 0.0820011 0.14796 0.709135 0.0609038
13 0.0278931 0.103055 0.742405 0.126647
13 0.108174 0.119195 0.769243 0.00338863
13 0.10996 0.10382 0.772453 0.0137663
13 0.0612486 0.159617 0.766641 0.0124933
13 0.109195 0.106781 0.769957 0.0140669
13 0.196129 0.118124 0.644524 0.0412239
13 0.101641 0.0473746 0.847661 0.00332386
13 0.106043 0.115111 0.703866 0.0749787
13 0.0464911 0.162167 0.766981 0.0243616
13 0.0172724 0.103766 0.707271 0.17169
13 0.0621164 0.161589 0.767143 0.00915099
13 0.00729013 0.0425465 0.825482 0.124682
13 0.0932772 0.147097 0.726279 0.033347
13 0.0115114 0.13182 0.66834 0.188328
13 0.00491851 0.112013 0.753225 0.129843
13 0.0620996 0.161854 0.771832 0.00421472
13 0.0999794 0.14133 0.708493 0.050197
13 0.00699989 0.160377 0.748683 0.0839398
13 0.0148232 0.123345 0.825298 0.0365333
13 0.043808 0.0549023 0.780557 0.120733
13 0.107586 0.115889 0.747737 0.0287886
13 0.038803 0.109237 0.720769 0.131191
13 0.00877535 0.145495 0.73637 0.10936
13 0.0392712 0.260763 0.681675 0.0182907
13 0.0324189 0.161256 0.736791 0.069535
13 0.00447599 0.0616638 0.548297 0.385563
13 0.0773655 0.145362 0.750656 0.0266157
13 0.0198663 0.163447 0.809446 0.007241
13 0.102071 0.133009 0.755677 0.00924295
13 0.0020514 0.167534 0.727734 0.10268
13 0.00422769 0.0472912 0.822931 0.12555
13 0.007788 0.228211 0.708715 0.0552861
13 0.0983651 0.1265 0.689325 0.0858097
13 0.0119845 0.0771213 0.780498 0.130397
13 0.0893579 0.0667621 0.802362 0.041518
13 0.0803167 0.147814 0.715389 0.0564803
13 0.0814259 0.13851 0.681405 0.0986593
13 0.107739 0.0828517 0.800649 0.00876059
13 0.114238 0.207834 0.664434 0.0134942
13 0.0646093 0.0723476 0.804166 0.0588769
13 0.0463279 0.168746 0.639149 0.145777
13 0.062035 0.119918 0.81415 0.00389681
13 0.0628845 0.160765 0.766832 0.00951886
13 0.0234259 0.0647963 0.909995 0.00178257
13 0.110256 0.101037 0.783898 0.00480927
13 0.0451359 0.153537 0.728001 0.0733257
13 0.00372682 0.117332 0.854473 0.0244682
13 0.0292291 0.109116 0.73197 0.129685
13 0.0744914 0.159288 0.716446 0.0497749
13 0.109743 0.0902892 0.709845 0.0901229
13 0.0665223 0.240042 0.662707 0.0307285
13 0.072329 0.157468 0.737796 0.0324063
13 0.0470491 0.161263 0.764071 0.0276174
13 0.022374 0.0421015 0.915531 0.0199935
13 0.03437 0.119353 0.717674 0.128602
13 0.0201471 0.116753 0.735897 0.127203
13 0.25501 0.061455 0.661843 0.0216918
13 0.031654 0.253746 0.666084 0.0485152
13 0.0536336 0.0762851 0.749838 0.120243
13 0.10805 0.0797014 0.755387 0.0568611
13 0.00724656 0.150405 0.819697 0.0226511
13 0.0539517 0.161538 0.783668 0.000842096
13 0.0198399 0.149814 0.755745 0.0746014
13 0.129829 0.0933687 0.77094 0.00586291
13 0.058638 0.0975279 0.747831 0.0960036
13 0.0479962 0.163221 0.768106 0.0206775
13 0.0693775 0.148208 0.713924 0.0684908
13 0.00658151 0.0181169 0.850032 0.12527
13 0.0581157 0.160978 0.723162 0.0577449
13 0.0437755 0.0885544 0.740676 0.126994
13 0.0393706 0.0545293 0.883731 0.0223693
13 0.0246957 0.161203 0.747658 0.0664434
13 0.0222199 0.101728 0.744159 0.131894
0 0.639624 0.0328707 0.317525 0.0099795
13 0.0280069 0.0815403 0.586211 0.304241
13 0.0305487 0.0487849 0.795474 0.125193
13 0.0576589 0.157643 0.726051 0.0586474
13 0.0729424 0.157752 0.756961 0.0123447
13 0.00788663 0.163462 0.758746 0.0699056
13 0.0188836 0.152239 0.73156 0.0973178
13 0.0810579 0.149251 0.693902 0.0757884
13 0.00768839 0.138207 0.79226 0.0618448
13 0.0336457 0.133985 0.716319 0.11605
13 0.0591641 0.133853 0.75886 0.0481227
13 0.00993079 0.132874 0.737302 0.119893
13 0.0451824 0.162579 0.775386 0.0168528
13 0.00741307 0.193514 0.71211 0.0869637
13 0.0518015 0.163239 0.778592 0.00636695
13 0.0744602 0.157362 0.711419 0.0567585
13 0.035997 0.0569238 0.780386 0.126693
13 0.107035 0.120493 0.761112 0.0113605
13 0.0231243 0.148172 0.731251 0.0974525
13 0.105863 0.0749637 0.797305 0.0218687
13 0.0975815 0.267247 0.595417 0.0397546
13 0.0254993 0.159806 0.77764 0.0370551
13 0.0954066 0.219631 0.595721 0.0892415
13 0.0967992 0.146265 0.71392 0.0430162
13 0.0193241 0.0989679 0.749651 0.132057
13 0.0257225 0.11088 0.734031 0.129367
13 0.0396189 0.376838 0.536648 0.0468949
13 0.0606824 0.266566 0.640621 0.0321305
13 0.036513 0.178616 0.771532 0.0133393
13 0.0359133 0.158084 0.776664 0.0293382
13 0.00374085 0.0959812 0.744334 0.155944
13 0.0503835 0.177704 0.751276 0.0206365
13 0.0536202 0.0766976 0.772215 0.0974668
13 0.0744756 0.118955 0.785299 0.0212708
13 0.0541786 0.0492156 0.807304 0.0893021
13 0.0616131 0.0366991 0.849798 0.05189
13 0.0235604 0.181882 0.705406 0.0891523
13 0.0848706 0.139158 0.711817 0.0641549
13 0.0492339 0.199611 0.643093 0.108062
13 0.00979661 0.0875883 0.770811 0.131804
13 0.0402484 0.147575 0.776299 0.0358782
13 0.00194214 0.165602 0.82753 0.00492629
13 0.0414694 0.104916 0.783539 0.070076
13 0.0321567 0.115487 0.726063 0.126293
13 0.0174931 0.163991 0.814386 0.00412938
13 0.0632937 0.159577 0.76229 0.0148392
13 0.0610418 0.15197 0.781264 0.00572497
13 0.0199952 0.0720439 0.867225 0.0407359
13 0.0153086 0.160596 0.795132 0.0289632
13 0.080891 0.154215 0.758793 0.00610173
13 0.00381487 0.030127 0.932162 0.0338959
13 0.108693 0.114608 0.758871 0.0178283
13 0.22404 0.0810015 0.643013 0.0519451
13 0.00711737 0.163724 0.761589 0.0675702
13 0.010474 0.162295 0.794621 0.0326104
13 0.0612798 0.115284 0.820052 0.00338495
13 0.0311708 0.0499187 0.910652 0.00825887
13 0.0286889 0.0513607 0.873418 0.0465328
13 0.00619252 0.0838693 0.757603 0.152336
13 0.0940605 0.143501 0.750763 0.0116749
13 0.0218845 0.127391 0.848386 0.002339
13 0.0306554 0.095714 0.669243 0.204388
13 0.00465537 0.16517 0.824432 0.00574269
13 0.00852182 0.190871 0.729844 0.0707629
7 0.0316001 0.599942 0.304238 0.0642201
13 0.075206 0.156395 0.756412 0.0119862
13 0.0153153 0.160863 0.747045 0.0767765
13 0.0083827 0.0225597 0.844187 0.124871
13 0.0128001 0.0803136 0.777174 0.129712
13 0.0393117 0.0460325 0.789496 0.12516
13 0.0406655 0.127289 0.714923 0.117122
13 0.0568267 0.0647669 0.754035 0.124371
18 0.00231285 0.0876946 0.436621 0.473371
13 0.118367 0.146612 0.656941 0.0780804
13 0.0235422 0.085478 0.740006 0.150974
13 0.0188517 0.105305 0.745937 0.129907
13 0.0408947 0.174473 0.710421 0.0742117
13 0.00817919 0.242892 0.575143 0.173786
13 0.0682439 0.160653 0.768883 0.00221972
18 0.0228069 0.0476165 0.396017 0.53356
13 0.0320661 0.162446 0.753278 0.0522092
13 0.0189273 0.0699179 0.809424 0.101731
13 0.0431048 0.161929 0.734789 0.060177
13 0.116401 0.291799 0.572772 0.0190282
13 0.035654 0.153031 0.804094 0.00722127
13 0.0759593 0.0508224 0.781659 0.0915597
13 0.0263944 0.126181 0.721667 0.125758
13 0.129 0.10853 0.703577 0.058893
13 0.125013 0.0823065 0.769187 0.0234939
13 0.08869 0.149167 0.734286 0.0278567
13 0.074123 0.157315 0.70632 0.0622429
13 0.0402388 0.120224 0.661265 0.178271
13 0.072983 0.132677 0.68781 0.106529
13 0.0112968 0.111918 0.723836 0.15295
13 0.02106 0.162837 0.811336 0.00476611
13 0.00226877 0.0386439 0.833618 0.125469
13 0.193784 0.104787 0.697805 0.0036243
13 0.0406386 0.147801 0.703001 0.108559
13 0.109298 0.11468 0.773159 0.00286259
13 0.102396 0.0877668 0.806267 0.00357001
18 0.0051665 0.123133 0.367664 0.504037
13 0.106063 0.161027 0.727828 0.00508244
7 0.081354 0.559764 0.251091 0.107791
13 0.0139365 0.097697 0.663715 0.224652
13 0.0991721 0.116704 0.703192 0.0809315
13 0.0449195 0.160995 0.786728 0.00735731
13 0.0375094 0.0752378 0.529924 0.357329
13 0.0519869 0.16852 0.7019 0.077594
13 0.104777 0.0835767 0.703084 0.108562
13 0.00563345 0.0839995 0.874894 0.0354731
13 0.0537532 0.098014 0.717636 0.130596
7 0.0240152 0.575684 0.395517 0.00478387
13 0.0523963 0.156688 0.70597 0.0849457
13 0.0140176 0.126883 0.73514 0.12396
13 0.0214606 0.148812 0.774958 0.0547694
13 0.10345 0.131306 0.761631 0.00361217
13 0.0920167 0.141923 0.729801 0.0362587
13 0.0667652 0.160832 0.768238 0.00416471
13 0.108288 0.119642 0.770546 0.00152413
13 0.00915552 0.13485 0.842817 0.0131781
13 0.0563713 0.158333 0.759198 0.0260979
13 0.108075 0.122374 0.691476 0.0780748
13 0.0448682 0.158193 0.764598 0.0323404
13 0.00820355 0.103532 0.757059 0.131205
13 0.0308993 0.151421 0.758547 0.0591327
13 0.0296411 0.0803267 0.75749 0.132542
13 0.0819233 0.129812 0.691228 0.0970366
13 0.0281971 0.160514 0.788643 0.0226455
13 0.0184678 0.103689 0.810979 0.066864
13 0.00614982 0.0531215 0.688853 0.251876
13 0.0450426 0.136284 0.702313 0.116361
13 0.0682076 0.109391 0.709828 0.112573
13 0.0386015 0.036811 0.883707 0.0408801
13 0.0301954 0.160862 0.767845 0.0410969
13 0.109761 0.103955 0.768369 0.0179158
13 0.0575408 0.0366664 0.78255 0.123242
13 0.0295692 0.0980325 0.648964 0.223434
13 0.047127 0.162389 0.778069 0.0124154
13 0.0156275 0.309583 0.543825 0.130964
13 0.0403783 0.0484048 0.793443 0.117774
13 0.0167147 0.16163 0.793245 0.028411
13 0.0544063 0.161672 0.720953 0.0629692
13 0.0656403 0.12137 0.695429 0.117562
13 0.0233669 0.0880322 0.872332 0.0162688
13 0.0201007 0.0691457 0.797142 0.113612
13 0.0410383 0.11672 0.728043 0.1142
13 0.0873121 0.156705 0.71644 0.0395432
13 0.0716079 0.158258 0.758737 0.0113969
13 0.0249587 0.1612 0.780353 0.0334889
13 0.0700514 0.15773 0.75822 0.0139984
13 0.00640206 0.0846168 0.759217 0.149764
13 0.0978744 0.143889 0.713613 0.0446239
13 0.0267345 0.154808 0.793555 0.024903
13 0.106623 0.121177 0.755122 0.0170788
13 0.0708549 0.138558 0.694078 0.0965091
13 0.104668 0.274716 0.603492 0.0171227
13 0.0498378 0.16382 0.783894 0.00244775
13 0.0361684 0.0769705 0.639964 0.246897
13 0.0528762 0.0237542 0.893653 0.0297161
13 0.0301646 0.0298871 0.816948 0.123
13 0.00756771 0.164017 0.765463 0.0629523
13 0.008445 0.0441137 0.643769 0.303673
13 0.0707571 0.160038 0.768491 0.000713842
13 0.0200519 0.0685233 0.907817 0.00360821
13 0.176656 0.255599 0.558978 0.0087663
18 0.0170242 0.150383 0.0740532 0.75854
18 0.00453307 0.101255 0.03237 0.861842
18 0.0201681 0.0785899 0.14173 0.759512
18 0.0210735 0.0993095 0.189416 0.690201
18 0.00376435 0.101192 0.131956 0.763087
18 0.0724936 0.0942302 0.0552883 0.777988
18 0.000362251 0.00916826 0.0736894 0.91678
18 0.0112043 0.118709 0.0786699 0.791417
18 0.000415484 0.0469394 0.0465273 0.906118
18 0.0137245 0.0462654 0.0559225 0.884088
18 0.0598994 0.09715 0.0491114 0.793839
18 0.0303686 0.0849423 0.217118 0.667571
13 0.0285748 0.0432298 0.581782 0.346413
18 0.0112271 0.0697477 0.146035 0.772991
13 0.0228487 0.0369415 0.568599 0.37161
18 0.00315801 0.0701595 0.146807 0.779876
18 0.0219518 0.0666825 0.319664 0.591702
18 0.00218137 0.0999513 0.083838 0.814029
18 0.00722684 0.146099 0.224994 0.62168
18 0.00861436 0.060109 0.139281 0.791996
18 0.0048005 0.0637473 0.141669 0.789783
18 0.0164654 0.0261112 0.142295 0.815128
18 0.0101105 0.0720637 0.138949 0.778877
18 0.0166888 0.125566 0.293956 0.563788
18 0.0265605 0.117582 0.10069 0.755168
18 0.00844784 0.110538 0.0778249 0.803189
18 0.0128444 0.0977823 0.130012 0.759361
18 0.0170079 0.0843939 0.194965 0.703633
18 0.00631467 0.0914601 0.138437 0.763788
18 0.00137614 0.0697542 0.128434 0.800435
18 0.00296345 0.0890852 0.13782 0.770131
18 0.0335516 0.115892 0.101871 0.748685
18 0.0175715 0.0634726 0.411592 0.507363
18 0.0581464 0.0801542 0.119763 0.741936
18 0.00874479 0.0569059 0.0842828 0.850067
18 0.00677667 0.0753449 0.144801 0.773077
18 0.00630297 0.0739267 0.144032 0.775738
18 0.0514837 0.148134 0.0915229 0.70886
18 0.00124579 0.0840769 0.183036 0.731641
18 0.0121014 0.0929518 0.136415 0.758532
18 0.00618951 0.0421892 0.0863053 0.865316
18 0.00386152 0.106803 0.0764273 0.812908
18 0.012835 0.0683032 0.131418 0.787443
18 0.00422447 0.0322553 0.0983161 0.865204
18 0.00704071 0.0791038 0.143789 0.770067
18 0.00429473 0.0882863 0.212706 0.694713
18 0.000814021 0.0694156 0.132618 0.797152
18 0.0426468 0.0340025 0.138307 0.785043
13 0.013249 0.147462 0.562315 0.276974
18 0.00482315 0.0797616 0.144217 0.771198
18 0.00302102 0.112162 0.11716 0.767657
18 0.00226351 0.105827 0.12776 0.76415
18 0.00580409 0.0336579 0.0344238 0.926114
18 0.00257966 0.106569 0.126634 0.764218
18 0.00618361 0.0424556 0.144567 0.806794
18 0.0295502 0.117301 0.100283 0.752866
18 0.0740754 0.0798551 0.0787932 0.767276
18 0.0481807 0.103009 0.115225 0.733585
18 0.00898279 0.0959818 0.129441 0.765595
18 0.00707069 0.0572788 0.146985 0.788665
18 0.000453431 0.0296732 0.0483729 0.921501
18 0.0643017 0.0551543 0.145719 0.734825
18 0.00589273 0.11181 0.0197292 0.862568
18 0.00775661 0.11876 0.0990373 0.774446
18 0.0146123 0.10028 0.129682 0.755426
18 0.0199943 0.118813 0.0858559 0.775337
18 0.000384091 0.0238983 0.00693957 0.968778
18 0.178631 0.274005 0.0582621 0.489102
18 0.0285542 0.113743 0.119183 0.73852
18 0.0159082 0.0395833 0.132478 0.812031
18 0.0100249 0.0997786 0.131761 0.758436
18 0.0129837 0.0823732 0.142301 0.762342
18 0.00818432 0.0390842 0.0465399 0.906192
18 0.0023964 0.0100687 0.0871823 0.900353
18 0.0107214 0.0852838 0.141408 0.762586
13 0.0168534 0.272348 0.495676 0.215123
18 0.0214206 0.148843 0.0699685 0.759768
18 0.00129695 0.0218174 0.111066 0.86582
18 0.0197089 0.0794681 0.143088 0.757735
18 0.00174534 0.029287 0.144783 0.824185
18 0.0247979 0.0361654 0.144859 0.794177
18 0.00734491 0.0887203 0.139816 0.764119
18 0.0540245 0.243421 0.307131 0.395424
18 0.0296436 0.0584486 0.162436 0.749472
13 0.0128824 0.144138 0.632961 0.210019
18 0.00950013 0.0578677 0.141012 0.79162
18 0.00296831 0.0967856 0.13564 0.764606
18 0.00754419 0.105122 0.0909681 0.796366
18 0.00971273 0.0565658 0.210376 0.723346
18 0.0200273 0.116475 0.101057 0.762441
18 0.00175637 0.113591 0.0113913 0.873261
18 0.00587381 0.0473869 0.0633438 0.883395
18 0.0124215 0.0351646 0.141122 0.811292
18 0.00405762 0.0994145 0.112133 0.784395
18 0.11195 0.0504234 0.323582 0.514045
18 0.00261975 0.0118717 0.0817145 0.903794
