labels 0 7 13 18
0 0.918568 0.0691631 0.00704101 0.00522757
0 0.484162 0.39422 0.108708 0.0129107
7 0.148878 0.632206 0.215025 0.00389052
0 0.558687 0.38386 0.0498876 0.00756508
0 0.799382 0.181416 0.0103204 0.008882
0 0.606399 0.119582 0.211765 0.0622535
0 0.836363 0.11254 0.0464627 0.00463385
0 0.9803 0.0141416 0.00540436 0.00015396
0 0.931885 0.0591834 0.0061664 0.00276508
7 0.263273 0.681821 0.052416 0.00248989
0 0.836949 0.154912 0.00508943 0.00305013
0 0.886414 0.0965332 0.0116304 0.00542288
0 0.924672 0.0659357 0.0018706 0.00752178
0 0.797898 0.120896 0.0759437 0.00526275
0 0.607371 0.30853 0.0815864 0.0025135
0 0.857812 0.127069 0.00951619 0.00560321
0 0.949811 0.027246 0.0221715 0.000771276
0 0.696138 0.290174 0.0114573 0.00223002
7 0.355775 0.363993 0.271875 0.00835706
0 0.800198 0.145978 0.0419952 0.0118284
0 0.684651 0.127377 0.164688 0.0232837
7 0.300529 0.5716 0.117923 0.00994827
0 0.585044 0.379809 0.0213739 0.0137723
0 0.982749 0.0161299 0.000813872 0.000306835
0 0.808965 0.0745315 0.0914139 0.0250896
7 0.360932 0.525999 0.088588 0.0244807
0 0.817424 0.154778 0.0275439 0.000254274
0 0.518294 0.166974 0.296266 0.0184656
0 0.976441 0.0201125 0.00194703 0.0014998
0 0.731288 0.251609 0.00677011 0.0103324
13 0.141032 0.291322 0.551935 0.0157113
0 0.98188 0.0168114 0.00125731 5.10719e-05
0 0.892134 0.0253997 0.0792259 0.00324008
13 0.0241981 0.0525968 0.873669 0.0495358
0 0.747256 0.100491 0.115247 0.037006
0 0.811545 0.158416 0.0295992 0.000439476
0 0.823791 0.164473 0.00716594 0.00457018
0 0.779016 0.0895132 0.12193 0.00953994
0 0.693872 0.218288 0.0859585 0.00188155
0 0.87186 0.0322946 0.0944739 0.00137188
0 0.459022 0.310433 0.215482 0.0150626
0 0.653126 0.126364 0.194435 0.0260748
0 0.766152 0.076018 0.148362 0.00946804
13 0.144183 0.127252 0.391056 0.337508
0 0.989978 0.0088082 0.00105506 0.000158771
0 0.610149 0.355323 0.0303693 0.00415869
7 0.250041 0.475827 0.266739 0.00739316
0 0.394988 0.264434 0.333585 0.00699336
7 0.0594008 0.602818 0.264545 0.0732367
0 0.76476 0.147748 0.0762629 0.0112291
0 0.851913 0.120874 0.0108428 0.016371
0 0.56095 0.323552 0.0423153 0.0731831
7 0.0307309 0.611278 0.329102 0.0288882
0 0.658709 0.135926 0.189284 0.0160814
0 0.904205 0.0833528 0.00960029 0.00284193
0 0.852642 0.125436 0.0212373 0.00068428
0 0.947451 0.0446968 0.00249813 0.00535392
0 0.959871 0.0383844 0.0010511 0.000693887
0 0.688528 0.096984 0.206227 0.00826087
0 0.740673 0.17163 0.0698591 0.0178376
0 0.896291 0.0652611 0.0308834 0.00756441
0 0.963137 0.0348375 0.00170393 0.000321997
0 0.570571 0.0941655 0.286757 0.0485068
7 0.366554 0.567228 0.0524931 0.013725
0 0.70361 0.2502 0.0441501 0.00203974
7 0.439722 0.553681 0.00388684 0.00271019
0 0.987371 0.0125158 8.9708e-05 2.38366e-05
0 0.591705 0.334004 0.0484558 0.0258357
7 0.204783 0.577971 0.198282 0.0189638
0 0.782441 0.119579 0.0170869 0.0808937
0 0.855268 0.0523478 0.0373777 0.0550063
0 0.916036 0.0717064 0.00854921 0.00370861
0 0.980242 0.0180275 0.00132356 0.000406534
0 0.551231 0.363479 0.0635836 0.0217069
0 0.753218 0.109561 0.130492 0.00672926
7 0.346199 0.560449 0.0908792 0.00247313
7 0.159945 0.542354 0.256656 0.0410445
0 0.56588 0.336974 0.0957726 0.00137313
7 0.334026 0.372444 0.290907 0.00262205
13 0.347841 0.185183 0.459222 0.00775414
0 0.974328 0.019104 0.00221313 0.00435514
0 0.538088 0.320912 0.112157 0.0288429
0 0.795061 0.143758 0.0424303 0.018751
0 0.991106 0.00437964 0.00430462 0.000209267
0 0.870678 0.100043 0.0241276 0.0051508
13 0.0272959 0.127598 0.838384 0.00672244
0 0.578633 0.170674 0.236803 0.0138902
0 0.791155 0.196937 0.00945398 0.00245337
0 0.435819 0.411448 0.139088 0.0136449
0 0.463348 0.342115 0.155862 0.0386752
0 0.562966 0.278433 0.132157 0.0264432
0 0.792366 0.10371 0.0955462 0.00837798
7 0.0706891 0.893114 0.0296465 0.00655038
13 0.0185902 0.186591 0.470032 0.324787
0 0.795886 0.175461 0.0188818 0.00977098
0 0.839164 0.15139 0.00866426 0.000781218
13 0.248068 0.11344 0.632024 0.00646817
0 0.655781 0.198781 0.0612548 0.0841833
0 0.668376 0.150939 0.155158 0.0255263
0 0.852483 0.109092 0.0111345 0.0272902
0 0.799517 0.156122 0.0418179 0.00254363
0 0.663011 0.279932 0.0533356 0.00372168
13 0.149251 0.0879779 0.622277 0.140494
0 0.95037 0.0408681 0.00250718 0.00625472
0 0.913507 0.0821103 0.00407635 0.000306381
0 0.775505 0.0769991 0.145616 0.00187924
0 0.983202 0.00640399 0.0101597 0.000234397
13 0.141297 0.370792 0.477783 0.0101282
13 0.0360812 0.159277 0.793593 0.0110489
13 0.0557279 0.272058 0.669669 0.00254504
7 0.195101 0.720996 0.0548951 0.0290077
7 0.1139 0.825002 0.0597545 0.00134377
7 0.0853967 0.842155 0.0370518 0.0353969
7 0.466133 0.511262 0.0106991 0.0119062
0 0.650897 0.341875 0.00587928 0.00134901
13 0.0368374 0.210498 0.691659 0.0610056
0 0.890441 0.0335493 0.0754051 0.000604683
13 0.147034 0.202259 0.609739 0.0409677
7 0.145392 0.690125 0.11681 0.047673
7 0.446154 0.476863 0.0297694 0.0472139
0 0.974028 0.0107464 0.0147527 0.000473362
0 0.994574 0.00488056 0.000463825 8.19867e-05
0 0.386496 0.256686 0.21398 0.142838
0 0.956192 0.038169 0.00460362 0.00103495
0 0.534919 0.185472 0.262908 0.0167007
0 0.958184 0.0400381 0.00065452 0.00112363
0 0.944542 0.0388027 0.015393 0.00126213
7 0.0943344 0.594474 0.299397 0.011795
0 0.693412 0.236564 0.0680748 0.00194941
7 0.326531 0.456776 0.202013 0.0146801
7 0.10449 0.795933 0.0859637 0.0136133
13 0.0726702 0.131771 0.787097 0.0084618
13 0.0431527 0.146475 0.662285 0.148087
7 0.485033 0.495425 0.0151555 0.00438604
13 0.0466496 0.180527 0.767509 0.00531416
13 0.152567 0.340089 0.467059 0.0402847
0 0.965149 0.0158752 0.0125623 0.0064131
0 0.502229 0.457184 0.0291041 0.0114826
0 0.812679 0.0620386 0.123004 0.00227896
0 0.818292 0.147631 0.00920351 0.0248734
7 0.313342 0.550321 0.130843 0.00549478
0 0.577016 0.403583 0.0149816 0.00441958
0 0.858908 0.0943994 0.0266309 0.0200619
0 0.589153 0.143181 0.263265 0.00440146
13 0.026516 0.215393 0.721613 0.036478
0 0.907452 0.0599374 0.0293139 0.00329664
7 0.133873 0.784331 0.0664031 0.0153924
7 0.24343 0.666652 0.074439 0.0154785
13 0.054769 0.347076 0.595091 0.00306417
0 0.581393 0.248035 0.141326 0.0292454
0 0.536278 0.0926663 0.36289 0.00816596
0 0.933727 0.0611773 0.00176792 0.00332817
13 0.117922 0.141533 0.683251 0.0572943
0 0.993668 0.0060712 0.000130571 0.000130694
0 0.972397 0.0247579 0.00074507 0.00209962
7 0.310691 0.336198 0.335518 0.0175932
0 0.92695 0.0683021 0.00361599 0.00113191
7 0.381139 0.592459 0.013955 0.012447
7 0.110341 0.486097 0.261066 0.142496
0 0.530179 0.438592 0.0293276 0.00190127
0 0.578369 0.25958 0.157501 0.00454996
7 0.363705 0.623329 0.0105159 0.00245038
0 0.658921 0.0734611 0.226538 0.0410796
7 0.0785675 0.3355 0.333263 0.25267
0 0.515644 0.430402 0.0438085 0.0101459
0 0.330148 0.309796 0.27474 0.0853164
0 0.923698 0.0630155 0.0121488 0.0011378
0 0.582781 0.348024 0.0570052 0.0121902
0 0.486965 0.401924 0.0959782 0.0151331
13 0.12552 0.23163 0.615555 0.0272957
0 0.729696 0.206299 0.0422059 0.0217986
0 0.906562 0.0789129 0.00913234 0.00539246
18 0.127548 0.127086 0.283619 0.461747
0 0.54221 0.229832 0.225568 0.00239003
0 0.660513 0.168519 0.165112 0.00585531
0 0.366598 0.25185 0.364944 0.016607
13 0.268214 0.314428 0.333338 0.0840194
0 0.894072 0.0459236 0.058254 0.00175039
13 0.229943 0.159439 0.589645 0.020974
0 0.991249 0.00632653 0.00115812 0.00126657
0 0.480718 0.20352 0.282379 0.0333827
13 0.0438463 0.0719187 0.704432 0.179803
0 0.632611 0.190588 0.171503 0.00529858
13 0.0653861 0.174081 0.70747 0.0530633
0 0.422239 0.180729 0.324852 0.0721803
0 0.392359 0.226861 0.374806 0.00597382
13 0.0434523 0.191052 0.760649 0.00484682
13 0.104048 0.216379 0.597209 0.0823634
0 0.751474 0.0632039 0.183922 0.00139943
0 0.581477 0.340041 0.075717 0.00276423
0 0.691653 0.202418 0.0854233 0.0205059
0 0.971239 0.0188711 0.00902301 0.000866611
0 0.530337 0.431934 0.0317412 0.00598853
13 0.235931 0.300361 0.450654 0.0130534
0 0.578011 0.276321 0.134581 0.0110869
0 0.963475 0.0324407 0.00355448 0.000530262
7 0.194862 0.692386 0.107682 0.00506994
7 0.315303 0.466638 0.214103 0.00395697
7 0.301629 0.521383 0.0555709 0.121418
0 0.729746 0.115512 0.146725 0.00801723
7 0.116421 0.739488 0.125082 0.019008
0 0.960728 0.02688 0.00526249 0.00712905
0 0.530442 0.255886 0.166962 0.0467105
0 0.672842 0.30663 0.0192993 0.00122848
7 0.243119 0.567675 0.0944997 0.0947056
13 0.0199724 0.187376 0.729045 0.0636071
0 0.789484 0.139212 0.0264128 0.0448915
0 0.884794 0.0748312 0.0209344 0.0194405
0 0.639649 0.283136 0.0657824 0.0114335
0 0.800193 0.0860308 0.0997541 0.014022
13 0.134961 0.392448 0.446546 0.0260447
0 0.902342 0.0865224 0.00402674 0.00710848
13 0.138557 0.0936675 0.682645 0.0851306
0 0.730403 0.115375 0.146762 0.00746018
0 0.968333 0.0262505 0.00293925 0.00247731
0 0.696881 0.258419 0.0332255 0.0114745
0 0.363262 0.270295 0.33175 0.034693
0 0.373491 0.319746 0.286311 0.0204524
0 0.552228 0.276762 0.167861 0.00314818
13 0.132789 0.138536 0.486607 0.242068
0 0.827739 0.129497 0.0296653 0.0130983
7 0.12174 0.855444 0.0108776 0.0119385
7 0.15789 0.449223 0.38429 0.00859704
7 0.0571074 0.901465 0.0291007 0.012327
7 0.434301 0.523458 0.0191269 0.0231142
7 0.0225417 0.880751 0.0615698 0.0351375
7 0.0920281 0.60273 0.123722 0.181521
7 0.0620446 0.866549 0.0406709 0.0307358
7 0.268687 0.679749 0.0429235 0.00864077
7 0.0524987 0.535302 0.378972 0.033228
13 0.00216121 0.247571 0.667573 0.0826955
13 0.0166574 0.264341 0.706384 0.0126177
13 0.10189 0.225573 0.619059 0.0534787
7 0.184244 0.745059 0.0695288 0.00116836
7 0.128932 0.657036 0.21105 0.0029814
7 0.0756607 0.600516 0.308472 0.015351
7 0.189944 0.562473 0.189757 0.0578263
7 0.1868 0.655687 0.115216 0.0422972
7 0.184975 0.465308 0.292397 0.0573195
7 0.108239 0.823886 0.0566334 0.0112421
7 0.0199269 0.645903 0.248737 0.0854326
18 0.0290879 0.119439 0.163615 0.687858
13 0.00700169 0.208211 0.562606 0.222182
7 0.0168447 0.834539 0.109851 0.0387656
18 0.0182407 0.204697 0.320176 0.456886
7 0.0632146 0.612625 0.286837 0.0373231
0 0.743932 0.225767 0.0256508 0.00465005
7 0.0251069 0.623017 0.075594 0.276282
7 0.388433 0.592817 0.00972042 0.00902984
13 0.130299 0.220567 0.334663 0.314471
7 0.383517 0.58009 0.0327623 0.00363108
7 0.0593148 0.872552 0.0490253 0.0191077
7 0.0905196 0.607993 0.296118 0.00536952
7 0.0263869 0.745806 0.128593 0.099214
7 0.340214 0.626427 0.0296361 0.00372225
7 0.0990321 0.568572 0.300126 0.0322692
7 0.217836 0.725591 0.0392264 0.0173468
18 0.0165359 0.164458 0.173407 0.645599
7 0.00915289 0.629692 0.346753 0.0144026
7 0.0100958 0.732993 0.212898 0.0440129
7 0.0277255 0.82484 0.10605 0.0413842
7 0.210388 0.742438 0.0321796 0.0149949
7 0.0747815 0.568464 0.323798 0.0329564
13 0.147598 0.253055 0.565741 0.033606
13 0.0403597 0.254391 0.639516 0.0657329
7 0.0248854 0.658694 0.30764 0.00878116
18 0.0374888 0.155599 0.302128 0.504785
13 0.0164329 0.462716 0.506815 0.014036
7 0.121385 0.308042 0.279341 0.291232
7 0.0887031 0.88171 0.0257221 0.00386447
7 0.0170865 0.703458 0.26043 0.0190253
7 0.0887024 0.842518 0.0597532 0.00902699
7 0.207766 0.753315 0.0255157 0.0134031
0 0.680493 0.211765 0.105212 0.00253004
13 0.0274526 0.366097 0.575145 0.0313055
13 0.202671 0.181965 0.571146 0.0442186
18 0.0141006 0.239332 0.301613 0.444954
13 0.0510076 0.398644 0.435831 0.114517
0 0.577611 0.204131 0.212287 0.00597118
7 0.0324723 0.399595 0.320844 0.247089
0 0.464263 0.33823 0.189207 0.00829976
13 0.00911611 0.278631 0.51763 0.194623
7 0.266748 0.54652 0.16934 0.0173918
7 0.0418551 0.431903 0.379838 0.146404
13 0.0400217 0.246071 0.699127 0.0147797
13 0.0450436 0.348178 0.453064 0.153714
7 0.207412 0.699772 0.0886023 0.00421341
13 0.0160187 0.230236 0.455561 0.298184
13 0.0068293 0.104143 0.86024 0.0287877
7 0.0379059 0.894977 0.0570989 0.0100185
13 0.0175282 0.146356 0.60798 0.228136
7 0.251771 0.683057 0.0521103 0.0130615
7 0.0423493 0.760254 0.116917 0.0804794
7 0.041836 0.485184 0.270538 0.202442
7 0.0535383 0.792934 0.138594 0.0149347
13 0.0140204 0.139308 0.517403 0.329269
13 0.0620514 0.314053 0.612148 0.0117476
0 0.713834 0.141719 0.142742 0.00170528
13 0.0138724 0.355233 0.515259 0.115636
18 0.0158895 0.313034 0.317886 0.35319
7 0.0704244 0.578591 0.137153 0.213832
7 0.244615 0.719834 0.0168271 0.0187234
7 0.0131952 0.676068 0.0461842 0.264552
7 0.137071 0.71881 0.0832332 0.0608858
7 0.00698227 0.742252 0.243569 0.00719744
13 0.0907833 0.327917 0.444694 0.136606
7 0.000386358 0.873812 0.0903708 0.0354308
7 0.0122039 0.705359 0.276528 0.00590976
7 0.0572313 0.629307 0.229899 0.083563
7 0.0142554 0.667492 0.27238 0.0458725
18 0.012904 0.319278 0.217568 0.450251
7 0.210576 0.548807 0.214911 0.0257064
7 0.00671802 0.851669 0.0990226 0.0425908
13 0.039556 0.312018 0.332424 0.316002
7 0.291013 0.693327 0.0110827 0.00457779
13 0.0247674 0.365339 0.424929 0.184964
7 0.0103553 0.758513 0.223221 0.007911
13 0.0971767 0.260826 0.58167 0.0603268
7 0.0263075 0.395264 0.297735 0.280694
7 0.264399 0.69126 0.0330334 0.0113074
7 0.00257963 0.688374 0.198196 0.110851
7 0.0367023 0.776136 0.159958 0.0272039
7 0.122378 0.796085 0.0234395 0.0580974
13 0.111736 0.340849 0.401643 0.145772
18 0.0556315 0.311637 0.301593 0.331138
7 0.0140976 0.895841 0.0501286 0.0399331
0 0.425889 0.337291 0.204439 0.0323813
13 0.00953296 0.348311 0.620526 0.0216297
7 0.245533 0.509759 0.239655 0.00505319
7 0.174077 0.5466 0.2603 0.0190223
13 0.00363384 0.274233 0.630077 0.0920557
7 0.00454386 0.948517 0.0348496 0.0120894
13 0.121462 0.20271 0.574879 0.100948
18 0.0343043 0.279942 0.238388 0.447366
13 0.252191 0.293675 0.397817 0.0563177
18 0.0129624 0.271437 0.133436 0.582164
18 0.0217485 0.306789 0.204575 0.466887
7 0.479551 0.493903 0.0156811 0.010865
13 0.100769 0.144865 0.738733 0.0156318
7 0.101397 0.774858 0.0985041 0.0252406
13 0.048558 0.302986 0.638745 0.00971033
7 0.0872509 0.677357 0.174699 0.0606923
7 0.0749084 0.756798 0.141802 0.0264924
18 0.0234962 0.254362 0.0824107 0.639731
18 0.0247255 0.120487 0.0810596 0.773728
7 0.213499 0.739793 0.0315968 0.0151112
7 0.0211942 0.853524 0.108643 0.0166388
7 0.0417463 0.500278 0.235557 0.222419
13 0.239355 0.365957 0.392343 0.00234515
7 0.253246 0.696037 0.0486502 0.00206677
7 0.0931856 0.439412 0.405619 0.0617834
7 0.0333596 0.725484 0.101056 0.140101
7 0.191878 0.500905 0.147755 0.159462
7 0.0199793 0.836674 0.112746 0.030601
7 0.145212 0.604843 0.231545 0.0184006
7 0.0268245 0.523507 0.115585 0.334084
7 0.0546653 0.588984 0.350033 0.00631787
13 0.188916 0.146825 0.659151 0.00510716
18 0.0216122 0.141632 0.0192049 0.817551
18 0.0089797 0.0457563 0.0383038 0.90696
7 0.0501377 0.810639 0.0590933 0.0801302
7 0.00852657 0.880962 0.0630424 0.0474688
7 0.0674588 0.557477 0.356956 0.0181081
7 0.170061 0.485574 0.232109 0.112256
0 0.515983 0.248733 0.183509 0.0517755
0 0.560008 0.353112 0.0736083 0.0132713
0 0.464857 0.339859 0.160261 0.035022
18 0.0811386 0.227095 0.3385 0.353266
7 0.0273456 0.378238 0.228654 0.365763
13 0.161418 0.308589 0.484072 0.0459219
13 0.0643782 0.422777 0.472767 0.0400779
13 0.0199311 0.165969 0.804812 0.0092874
13 0.134363 0.117038 0.539294 0.209305
13 0.237908 0.294603 0.458464 0.00902472
7 0.00891715 0.891074 0.0766413 0.0233675
7 0.0543602 0.542778 0.255174 0.147688
7 0.0206737 0.548566 0.393326 0.0374347
0 0.545941 0.386822 0.0622451 0.00499209
7 0.000556557 0.823417 0.13309 0.042937
7 0.0260169 0.834512 0.110594 0.0288778
7 0.00802051 0.611474 0.378487 0.00201844
0 0.715891 0.0838177 0.190009 0.0102822
7 0.0123052 0.421449 0.418879 0.147367
7 0.354183 0.558089 0.0623862 0.025342
7 0.312897 0.677836 0.00597863 0.00328835
18 0.00200507 0.0686775 0.0460538 0.883264
7 0.0115755 0.506482 0.420143 0.0617997
7 0.0120389 0.494788 0.178784 0.314389
7 0.0879834 0.482581 0.358279 0.0711563
7 0.0425197 0.614555 0.320037 0.0228884
7 0.0346383 0.527224 0.43136 0.00677766
7 0.0416841 0.592222 0.252717 0.113378
7 0.0398444 0.854918 0.0977809 0.00745651
7 0.237771 0.701639 0.0186619 0.0419283
7 0.407232 0.549016 0.0165029 0.027249
7 0.0315084 0.738429 0.199461 0.0306013
7 0.275995 0.411867 0.218038 0.0940999
7 0.0387301 0.479509 0.451751 0.0300099
7 0.00922198 0.941783 0.0195416 0.0294532
7 0.213422 0.670453 0.0999861 0.0161384
18 0.071844 0.252382 0.221501 0.454273
13 0.0107951 0.338057 0.639823 0.011325
7 0.00604012 0.601366 0.381824 0.0107692
7 0.0146482 0.862991 0.0242991 0.0980616
18 0.0399452 0.132501 0.381099 0.446455
18 0.00255624 0.0586461 0.0259352 0.912863
13 0.0556127 0.215913 0.722379 0.00609596
7 0.148268 0.676444 0.128142 0.0471463
7 0.126942 0.499499 0.369461 0.00409715
7 0.0906302 0.816088 0.0892694 0.00401237
13 0.00607121 0.333515 0.646332 0.0140813
18 0.0396573 0.230413 0.171371 0.558559
7 0.0426679 0.588601 0.301273 0.0674582
7 0.0126125 0.733197 0.223082 0.0311085
7 0.187746 0.659766 0.109052 0.0434356
7 0.0299793 0.919005 0.0420624 0.00895308
13 0.0191529 0.400901 0.56323 0.0167159
18 0.0203615 0.0710429 0.129372 0.779224
7 0.0225937 0.575666 0.360786 0.0409543
13 0.0801421 0.338844 0.546792 0.0342222
7 0.00735965 0.528347 0.182052 0.282242
7 0.0398168 0.654937 0.199115 0.106132
7 0.0340063 0.556193 0.38056 0.0292406
7 0.190028 0.525674 0.278726 0.00557208
13 0.0646673 0.327895 0.339147 0.268291
13 0.0131343 0.463942 0.512517 0.0104064
7 0.470974 0.470983 0.0568434 0.00119975
7 0.0127003 0.81706 0.167101 0.00313923
7 0.0673334 0.565074 0.341099 0.0264935
13 0.0246626 0.149166 0.67292 0.153251
7 0.069467 0.839658 0.0300227 0.0608525
7 0.0518425 0.912042 0.0204602 0.0156548
7 0.0451488 0.922276 0.0171525 0.0154226
7 0.30171 0.625243 0.0493667 0.0236798
7 0.136227 0.817527 0.0291942 0.0170517
13 0.0647374 0.35322 0.568883 0.0131598
13 0.0636447 0.218144 0.554803 0.163408
7 0.347825 0.519139 0.112303 0.0207336
7 0.344949 0.408573 0.205051 0.0414278
7 0.00264593 0.886699 0.0712865 0.039369
18 0.0253672 0.186751 0.391268 0.396614
7 0.0242733 0.662279 0.2629 0.0505475
7 0.0886984 0.853863 0.0535123 0.00392602
7 0.123844 0.70824 0.0917217 0.0761944
13 0.0381579 0.427478 0.475384 0.0589806
13 0.179097 0.240694 0.573366 0.00684192
18 0.0024267 0.0660674 0.0685447 0.862961
7 0.22035 0.649086 0.125654 0.00490937
7 0.20336 0.777908 0.00578522 0.0129473
7 0.188522 0.661343 0.0930079 0.0571273
7 0.0630215 0.536564 0.367025 0.0333892
18 0.0699896 0.398483 0.0727109 0.458817
7 0.0222101 0.563448 0.186514 0.227828
18 0.130646 0.196976 0.212206 0.460172
0 0.76976 0.119028 0.1054 0.00581203
7 0.026228 0.907777 0.0615762 0.00441901
7 0.0831774 0.462354 0.356653 0.0978162
18 0.029822 0.163986 0.148145 0.658046
13 0.0281856 0.441232 0.49166 0.0389217
7 0.063248 0.866457 0.0660758 0.00421884
0 0.498114 0.408625 0.0894369 0.00382373
7 0.32452 0.657364 0.0133494 0.0047668
7 0.0205643 0.783765 0.151347 0.0443241
0 0.42503 0.323925 0.247189 0.00385621
7 0.269682 0.509406 0.121111 0.0998018
13 0.0340311 0.0925009 0.486033 0.387435
7 0.0246109 0.709292 0.205645 0.0604522
7 0.0272136 0.420918 0.378374 0.173495
7 0.0918736 0.439642 0.354898 0.113586
7 0.00807065 0.740439 0.239868 0.0116227
7 0.0132681 0.957202 0.0268669 0.0026627
7 0.0417614 0.731383 0.22123 0.00562552
7 0.239804 0.576983 0.168822 0.0143908
7 0.0269703 0.757952 0.189627 0.0254506
7 0.0404056 0.883625 0.0652335 0.010736
13 0.0222427 0.448343 0.462521 0.0668925
18 0.0041251 0.154682 0.0495962 0.791597
18 0.00184945 0.216384 0.0344869 0.74728
7 0.0104313 0.863494 0.0932444 0.0328303
13 0.0222828 0.110653 0.806801 0.0602634
18 0.0147591 0.0348757 0.062755 0.88761
7 0.0703719 0.633469 0.2191 0.0770593
7 0.283292 0.682463 0.0285335 0.00571112
7 0.136554 0.80285 0.0365123 0.0240844
7 0.0921538 0.500264 0.283721 0.123861
7 0.143448 0.543668 0.310747 0.00213654
7 0.156399 0.436837 0.36788 0.0388839
7 0.15313 0.458087 0.0499506 0.338833
7 0.14473 0.638821 0.203 0.0134491
7 0.106777 0.422489 0.149365 0.32137
18 0.0141331 0.173676 0.229765 0.582425
7 0.16404 0.594109 0.220244 0.021607
18 0.00463903 0.0481407 0.143629 0.803591
7 0.218051 0.71468 0.0133583 0.0539113
13 0.0827658 0.229919 0.679093 0.00822212
18 0.00525376 0.056467 0.131266 0.807013
13 0.0501659 0.388551 0.511639 0.0496445
7 0.0119735 0.713616 0.246725 0.0276855
7 0.105682 0.550159 0.243885 0.100273
7 0.0642928 0.874127 0.0290564 0.0325239
7 0.120545 0.712153 0.149962 0.017339
7 0.0248906 0.775032 0.172984 0.0270936
7 0.0331816 0.950707 0.0085565 0.00755466
7 0.223179 0.560912 0.208047 0.00786148
7 0.0272943 0.71848 0.253537 0.000688235
13 0.0438043 0.463174 0.464968 0.0280542
7 0.136452 0.460206 0.384079 0.0192629
7 0.0171538 0.645277 0.316652 0.020917
13 0.0185985 0.265205 0.407832 0.308365
7 0.0143885 0.902847 0.0787705 0.00399442
13 0.0101496 0.404704 0.443354 0.141793
7 0.00523965 0.615123 0.242817 0.13682
7 0.208827 0.72863 0.0290599 0.0334828
7 0.00620066 0.702758 0.16995 0.121091
18 0.0107308 0.071641 0.351247 0.566382
18 0.0115946 0.06075 0.233014 0.694642
7 0.0431449 0.734535 0.211312 0.0110082
18 0.0237007 0.346258 0.174251 0.455791
7 0.0749804 0.821398 0.100235 0.00338593
0 0.587809 0.249953 0.158779 0.00345885
0 0.497386 0.402457 0.0559337 0.0442232
13 0.00597004 0.315829 0.645869 0.0323316
7 0.187354 0.746616 0.0438375 0.022192
13 0.0136785 0.372628 0.515526 0.0981675
7 0.0639983 0.792681 0.13221 0.0111101
18 0.0159817 0.205782 0.244104 0.534132
7 0.00418394 0.777853 0.203555 0.0144078
13 0.128451 0.317564 0.509577 0.0444078
7 0.0844821 0.731893 0.174131 0.00949341
7 0.144107 0.393295 0.371139 0.0914593
7 0.250429 0.523008 0.217495 0.00906789
7 0.0814096 0.886057 0.0230975 0.00943631
13 0.0781642 0.223704 0.639338 0.0587937
13 0.183447 0.26215 0.520921 0.033483
7 0.0421773 0.430241 0.387817 0.139765
7 0.0160134 0.490157 0.147761 0.346069
7 0.200479 0.685087 0.0968568 0.0175772
13 0.230795 0.151352 0.53255 0.0853033
7 0.0394039 0.811631 0.129936 0.0190288
7 0.0872484 0.671822 0.235594 0.00533614
18 0.0310107 0.0832071 0.140188 0.745594
7 0.0441221 0.80665 0.0378579 0.11137
7 0.0365379 0.51029 0.441387 0.0117853
13 0.226303 0.208024 0.539686 0.0259872
0 0.664884 0.175865 0.156954 0.00229637
0 0.573882 0.383502 0.0406339 0.00198221
13 0.0224158 0.140065 0.42012 0.417399
0 0.698378 0.188277 0.0513472 0.0619976
7 0.0136528 0.452136 0.194464 0.339746
13 0.0131332 0.187301 0.587233 0.212333
18 0.014561 0.0493591 0.456635 0.479445
13 0.00428576 0.148996 0.700831 0.145887
13 0.0157903 0.108835 0.649871 0.225504
13 0.0524656 0.117577 0.823032 0.00692522
13 0.00162901 0.112725 0.733334 0.152312
13 0.0193041 0.28628 0.646656 0.0477597
18 0.000794966 0.0419458 0.168812 0.788448
13 0.266181 0.154616 0.542675 0.0365285
18 0.000818041 0.224624 0.302305 0.472253
18 0.0144965 0.324261 0.256267 0.404975
13 0.0685492 0.084279 0.526815 0.320357
18 0.0478589 0.160768 0.386921 0.404452
18 0.00641536 0.0560906 0.171765 0.765729
13 0.00978017 0.214246 0.725673 0.0503001
7 0.0343095 0.642763 0.293029 0.0298984
18 0.014958 0.225142 0.324885 0.435015
13 0.223672 0.124634 0.462458 0.189236
13 0.0731929 0.0341173 0.843403 0.0492868
13 0.265589 0.302534 0.315107 0.11677
18 0.0208227 0.0623015 0.293506 0.62337
13 0.088585 0.0780532 0.752385 0.0809768
18 0.00397862 0.0521331 0.315977 0.627912
13 0.013113 0.134723 0.802446 0.0497176
13 0.380444 0.0976275 0.462295 0.059634
13 0.0174782 0.217723 0.390257 0.374542
18 0.00458256 0.102571 0.238123 0.654723
18 0.129976 0.252358 0.220892 0.396774
0 0.398108 0.255126 0.336177 0.010589
13 0.0387323 0.389245 0.5349 0.0371232
13 0.0101889 0.405474 0.541921 0.0424165
13 0.092437 0.164593 0.641436 0.101534
7 0.114187 0.53568 0.231417 0.118716
13 0.0280505 0.0988948 0.834238 0.0388168
7 0.247832 0.373653 0.19755 0.180965
13 0.211582 0.197098 0.464124 0.127196
13 0.0106106 0.085648 0.803988 0.0997538
13 0.00556653 0.0716048 0.807611 0.115218
0 0.656415 0.119273 0.199945 0.0243664
13 0.00852143 0.153599 0.834177 0.00370254
0 0.551714 0.251521 0.179503 0.0172617
13 0.0177664 0.18922 0.758641 0.0343719
7 0.0556691 0.469309 0.444957 0.0300652
7 0.0667101 0.531296 0.360979 0.0410141
13 0.0275607 0.276198 0.67904 0.0172015
7 0.0228454 0.57199 0.345962 0.0592025
18 0.00376978 0.0790639 0.330199 0.586967
13 0.120318 0.125019 0.746524 0.00813821
0 0.669614 0.162124 0.129089 0.0391731
0 0.447427 0.312391 0.200217 0.0399652
13 0.0391819 0.377549 0.557531 0.0257385
13 0.0315071 0.294165 0.579738 0.0945905
13 0.0102182 0.0527702 0.914256 0.0227557
13 0.0824143 0.250928 0.653611 0.0130467
13 0.0151644 0.352287 0.622763 0.00978613
13 0.0504362 0.141259 0.677091 0.131214
0 0.65424 0.037865 0.248109 0.0597854
13 0.0378178 0.247129 0.631718 0.0833344
13 0.0518577 0.161983 0.548427 0.237733
13 0.276458 0.167961 0.430375 0.125206
7 0.0723105 0.497473 0.428238 0.00197805
13 0.0293706 0.20634 0.595806 0.168483
18 0.00497013 0.0554558 0.460617 0.478957
13 0.0488683 0.111128 0.684903 0.1551
0 0.348461 0.179819 0.324022 0.147698
13 0.0293007 0.233527 0.711486 0.0256869
13 0.0204513 0.307667 0.636692 0.0351897
18 0.00232654 0.0326142 0.0732595 0.8918
13 0.0867523 0.190902 0.719905 0.00244022
13 0.0628818 0.163397 0.750802 0.0229184
7 0.061789 0.645161 0.290168 0.00288218
13 0.0147834 0.352342 0.56446 0.0684152
7 0.158029 0.407662 0.376283 0.0580257
18 0.00180478 0.0464201 0.0608451 0.89093
13 0.0530058 0.142779 0.726829 0.0773862
13 0.00944186 0.206464 0.551028 0.233067
13 0.00311249 0.213721 0.668007 0.11516
0 0.466288 0.166496 0.364314 0.00290168
13 0.032196 0.147984 0.535719 0.284101
0 0.683816 0.0259563 0.279051 0.011177
13 0.0227221 0.182823 0.771599 0.022856
18 0.00823047 0.107271 0.392052 0.492446
18 0.0136159 0.425318 0.11274 0.448326
13 0.241267 0.304551 0.452276 0.00190552
13 0.0302382 0.0855451 0.760795 0.123422
7 0.0384434 0.778058 0.167568 0.0159303
18 0.0935464 0.2711 0.178091 0.457262
13 0.0361608 0.349851 0.538875 0.0751128
7 0.134167 0.750991 0.0906089 0.0242327
7 0.0536803 0.422688 0.248011 0.275621
13 0.0259798 0.109018 0.853919 0.0110832
13 0.0062107 0.174333 0.601565 0.217891
18 0.00753522 0.223777 0.159946 0.608742
13 0.0202127 0.107509 0.638028 0.234251
7 0.316633 0.332078 0.216373 0.134916
13 0.0785995 0.438325 0.460716 0.0223594
13 0.293199 0.233135 0.464543 0.00912304
13 0.0292097 0.235132 0.703123 0.032536
13 0.268988 0.12304 0.605971 0.00200076
0 0.537583 0.173725 0.285315 0.00337733
7 0.0868575 0.736845 0.161025 0.0152727
13 0.0828646 0.320547 0.50217 0.0944185
18 0.0107901 0.0740787 0.218008 0.697123
13 0.0605234 0.308924 0.524594 0.105959
0 0.60357 0.199892 0.191441 0.00509649
13 0.0129608 0.317649 0.65607 0.0133203
13 0.00708176 0.0759138 0.771623 0.145382
13 0.00566284 0.0227074 0.602535 0.369095
13 0.00907054 0.0746096 0.901985 0.0143353
13 0.0130876 0.115022 0.837627 0.0342638
13 0.105061 0.232182 0.615922 0.0468352
13 0.0421403 0.146767 0.653077 0.158016
13 0.0327966 0.107317 0.616976 0.24291
13 0.0597954 0.287451 0.534827 0.117927
7 0.079857 0.443371 0.441678 0.0350941
13 0.0668284 0.187945 0.730007 0.0152197
7 0.00781951 0.640368 0.314423 0.0373898
7 0.285772 0.365147 0.340942 0.00813809
13 0.065605 0.461011 0.464026 0.0093575
13 0.100133 0.243533 0.566221 0.0901136
13 0.101554 0.185304 0.689388 0.0237544
13 0.046378 0.303488 0.610657 0.0394766
13 0.00739381 0.0243515 0.738321 0.229934
7 0.110609 0.613841 0.245456 0.0300937
13 0.0821306 0.11189 0.477645 0.328334
13 0.00182003 0.238193 0.656018 0.103969
13 0.173 0.390628 0.402347 0.0340249
13 0.00598057 0.130149 0.693009 0.170862
13 0.122734 0.254788 0.552561 0.0699174
13 0.0117723 0.0340742 0.862763 0.091391
18 0.00454429 0.050551 0.271162 0.673743
13 0.0633988 0.269093 0.663544 0.00396474
7 0.0197393 0.451557 0.364947 0.163757
13 0.00278081 0.235803 0.715743 0.0456734
13 0.0286014 0.119407 0.663428 0.188564
13 0.221915 0.184874 0.577792 0.015419
0 0.506168 0.130672 0.335908 0.0272521
13 0.0406071 0.40342 0.503801 0.0521716
13 0.0429453 0.366767 0.525341 0.0649464
13 0.0382327 0.189774 0.589651 0.182342
7 0.0147846 0.617871 0.361718 0.00562676
13 0.0530384 0.387445 0.521091 0.0384258
7 0.0847015 0.427286 0.398999 0.0890142
7 0.0242217 0.613578 0.343478 0.0187219
13 0.0247752 0.246615 0.713747 0.0148633
7 0.12765 0.464601 0.326622 0.081127
13 0.00617099 0.114445 0.676893 0.202491
18 0.00545978 0.068939 0.369052 0.556549
13 0.0470794 0.281686 0.655358 0.0158757
13 0.134144 0.294818 0.480184 0.0908547
7 0.085813 0.587107 0.221419 0.105661
7 0.0296599 0.48202 0.430784 0.0575366
13 0.154936 0.198322 0.614939 0.0318027
13 0.00492148 0.0833515 0.793543 0.118184
13 0.00955618 0.379266 0.553135 0.0580435
18 0.00954801 0.0736301 0.352888 0.563934
13 0.154717 0.287041 0.457362 0.100881
13 0.0627892 0.0765607 0.458168 0.402483
13 0.0377301 0.391746 0.480963 0.0895605
13 0.00311535 0.172122 0.750211 0.0745524
7 0.0973957 0.477783 0.230965 0.193856
13 0.0300701 0.176183 0.619166 0.174582
13 0.0190057 0.040524 0.931995 0.00847577
7 0.141653 0.456083 0.334854 0.0674099
13 0.00632832 0.0951905 0.827497 0.0709838
7 0.00770067 0.494429 0.191691 0.30618
13 0.0183626 0.363946 0.45303 0.164661
7 0.258845 0.410901 0.308893 0.0213612
18 0.00239366 0.0307651 0.189982 0.776859
13 0.249792 0.0826793 0.60859 0.0589384
18 0.0169983 0.0376943 0.175585 0.769722
7 0.145176 0.562839 0.277271 0.0147134
13 0.0221757 0.10149 0.781692 0.0946417
13 0.00341713 0.331956 0.584624 0.0800021
18 0.01304 0.134129 0.407628 0.445203
13 0.0185715 0.127208 0.801734 0.0524863
7 0.310337 0.57769 0.0988086 0.0131644
13 0.188699 0.15775 0.547585 0.105965
13 0.120646 0.234175 0.511369 0.13381
13 0.110756 0.171406 0.714634 0.0032038
0 0.466791 0.0940714 0.202745 0.236393
13 0.0117586 0.182214 0.470728 0.335299
7 0.328838 0.37006 0.280871 0.0202312
13 0.0461111 0.215504 0.715733 0.0226514
13 0.0128487 0.226747 0.670983 0.0894218
13 0.0428899 0.180568 0.624367 0.152175
18 0.0310149 0.0960416 0.396433 0.47651
13 0.0400819 0.15127 0.787329 0.0213185
7 0.229431 0.651568 0.115203 0.00379765
13 0.220466 0.179647 0.59766 0.00222806
7 0.0178843 0.489988 0.374113 0.118014
13 0.159418 0.172595 0.635186 0.0328013
13 0.00832113 0.0764239 0.716691 0.198564
13 0.0374721 0.382365 0.551332 0.0288309
13 0.0228315 0.255197 0.715807 0.00616534
13 0.0549654 0.114469 0.727892 0.102673
13 0.116673 0.415812 0.43118 0.0363355
18 0.124928 0.226627 0.300185 0.34826
13 0.0318893 0.303529 0.471625 0.192957
13 0.00982182 0.0779705 0.885097 0.0271103
7 0.0257942 0.453023 0.152113 0.369069
13 0.0185727 0.182987 0.488097 0.310344
13 0.0548683 0.1915 0.725519 0.0281126
0 0.380839 0.266515 0.34965 0.00299557
7 0.0465612 0.407937 0.249232 0.29627
0 0.544064 0.120745 0.212583 0.122608
13 0.00991902 0.0521773 0.497845 0.440059
13 0.0140727 0.270817 0.698982 0.0161278
13 0.0125039 0.288486 0.517325 0.181684
13 0.0733252 0.268415 0.619499 0.0387613
13 0.00934424 0.14376 0.621842 0.225054
13 0.0411319 0.108054 0.729263 0.121551
18 0.042492 0.0312404 0.247089 0.679178
18 0.00908632 0.0296097 0.381331 0.579973
7 0.0125335 0.544308 0.420584 0.0225745
18 0.00113153 0.0357874 0.0544574 0.908624
0 0.517206 0.0634649 0.414408 0.00492106
13 0.0584732 0.147003 0.669444 0.12508
13 0.0637009 0.178923 0.625642 0.131734
7 0.183064 0.453352 0.344796 0.0187877
18 0.00772999 0.0986443 0.348997 0.544629
7 0.15709 0.747718 0.0890304 0.00616092
13 0.332779 0.218075 0.445508 0.00363802
13 0.0331513 0.0668997 0.621967 0.277982
13 0.0125258 0.060575 0.886197 0.0407019
18 0.0144952 0.0840382 0.331942 0.569524
13 0.313603 0.125655 0.339406 0.221336
7 0.236684 0.68266 0.0504626 0.0301943
7 0.030197 0.705951 0.250828 0.0130243
18 0.00614866 0.0341029 0.250324 0.709424
0 0.888399 0.0775661 0.0246849 0.00934993
13 0.217599 0.196493 0.581518 0.00438949
13 0.0177645 0.254455 0.703793 0.0239879
13 0.00792265 0.184025 0.484621 0.323431
13 0.0848139 0.356108 0.554733 0.00434505
7 0.164245 0.427922 0.400673 0.00715996
13 0.0843048 0.317244 0.559901 0.0385498
7 0.113149 0.469357 0.37083 0.0466647
13 0.00951369 0.465212 0.506571 0.0187038
13 0.346286 0.117278 0.450805 0.0856314
13 0.0105665 0.36568 0.503752 0.120001
13 0.184037 0.31581 0.445101 0.0550517
13 0.0281402 0.284674 0.644436 0.0427501
18 0.00741273 0.214081 0.250837 0.527669
13 0.103945 0.145071 0.488816 0.262169
13 0.033416 0.0686861 0.88858 0.00931821
13 0.0356275 0.328404 0.528362 0.107607
18 0.0400844 0.102424 0.380156 0.477336
13 0.00491698 0.194712 0.637187 0.163184
7 0.113142 0.444169 0.416947 0.0257422
7 0.271671 0.621234 0.105482 0.00161279
13 0.0267451 0.215244 0.626277 0.131734
13 0.0879249 0.381749 0.455193 0.0751328
13 0.0223877 0.338792 0.636539 0.00228142
0 0.627998 0.0784892 0.222199 0.0713136
18 0.0117135 0.0499537 0.249269 0.689063
13 0.0336027 0.472285 0.475665 0.0184477
13 0.0152047 0.365241 0.612569 0.00698574
13 0.394232 0.1054 0.461563 0.0388055
13 0.00382481 0.104073 0.645988 0.246114
13 0.298822 0.23747 0.462273 0.00143446
13 0.0266778 0.102939 0.810565 0.0598184
13 0.00370345 0.364095 0.57405 0.0581518
13 0.0301997 0.135053 0.427 0.407747
13 0.0346316 0.399011 0.509068 0.0572901
13 0.0137684 0.11698 0.658607 0.210644
18 0.0293135 0.0858998 0.0816745 0.803112
13 0.0214655 0.3325 0.630489 0.0155456
18 0.0357964 0.0660641 0.385641 0.512498
18 0.00297729 0.0481265 0.194982 0.753915
13 0.00303501 0.186227 0.753078 0.0576598
13 0.00919895 0.175791 0.703477 0.111533
18 0.00845204 0.080637 0.307228 0.603683
13 0.0107266 0.193861 0.715816 0.079596
7 0.098711 0.46038 0.305263 0.135646
7 0.0908969 0.490722 0.40886 0.00952065
13 0.0181757 0.403995 0.575707 0.00212234
13 0.108107 0.241785 0.565061 0.0850462
18 0.0703436 0.0692867 0.383706 0.476664
18 0.00168663 0.0335321 0.0695909 0.89519
13 0.00608694 0.0858746 0.737651 0.170387
7 0.0548279 0.644063 0.271744 0.0293653
13 0.0401862 0.155516 0.633572 0.170726
13 0.0278567 0.118124 0.695979 0.15804
13 0.0505085 0.261868 0.537508 0.150116
7 0.103449 0.415548 0.414301 0.0667015
18 0.00313754 0.159477 0.315432 0.521954
13 0.0605438 0.186686 0.745912 0.00685838
13 0.108595 0.337172 0.538173 0.0160597
13 0.0476979 0.156225 0.529529 0.266548
7 0.365851 0.402637 0.176691 0.0548215
7 0.0330235 0.816545 0.12593 0.0245021
13 0.00876929 0.100897 0.68596 0.204374
13 0.0112321 0.142662 0.824715 0.0213909
13 0.0106258 0.216222 0.76701 0.00614136
13 0.0328217 0.258197 0.657103 0.0518781
13 0.0740284 0.457356 0.465491 0.00312503
13 0.0170872 0.291885 0.459159 0.231869
13 0.361496 0.0712879 0.485867 0.0813484
13 0.195485 0.118432 0.684747 0.00133708
13 0.408629 0.0981633 0.440137 0.0530713
13 0.226072 0.0956241 0.340796 0.337508
18 0.00559025 0.16813 0.224268 0.602012
13 0.112338 0.170484 0.697728 0.0194508
13 0.328168 0.237212 0.429525 0.00509453
13 0.0334955 0.26069 0.683557 0.0222572
13 0.00282157 0.309072 0.678611 0.0094955
7 0.140775 0.462137 0.281462 0.115625
13 0.244834 0.185226 0.562554 0.00738549
13 0.243929 0.340342 0.415351 0.000377959
13 0.0155554 0.226064 0.737167 0.0212133
13 0.05312 0.269182 0.444539 0.233159
7 0.0132889 0.634451 0.191957 0.160304
13 0.0523541 0.094718 0.716928 0.136
13 0.0272807 0.399716 0.565906 0.00709762
7 0.203091 0.5242 0.245647 0.0270612
13 0.07963 0.200126 0.691853 0.0283907
7 0.145385 0.570478 0.278264 0.00587239
13 0.0536033 0.165023 0.55976 0.221614
0 0.461126 0.171617 0.364986 0.00227135
7 0.192563 0.655472 0.142197 0.00976756
13 0.0189783 0.373739 0.587878 0.0194045
18 0.00348619 0.222802 0.216065 0.557647
13 0.105898 0.12578 0.578106 0.190216
13 0.0169242 0.159659 0.444404 0.379012
13 0.0612916 0.308716 0.583857 0.046135
13 0.00873072 0.114658 0.644625 0.231985
7 0.137738 0.430149 0.370116 0.061997
18 0.00598555 0.048357 0.1461 0.799558
18 0.00770851 0.0512314 0.157739 0.783321
7 0.0288509 0.481997 0.299159 0.189993
13 0.00771605 0.0893667 0.833896 0.0690209
13 0.00676222 0.0952922 0.684665 0.213281
18 0.0718791 0.079437 0.372148 0.476536
13 0.128835 0.350995 0.366342 0.153828
13 0.057485 0.124378 0.761011 0.0571263
13 0.106308 0.159331 0.630677 0.103684
13 0.103812 0.171155 0.706146 0.0188869
13 0.00620801 0.161394 0.754999 0.0773984
18 0.00103578 0.090435 0.113623 0.794906
13 0.0423184 0.129981 0.463728 0.363972
18 0.0416888 0.0733749 0.0799926 0.804944
18 0.00472485 0.0789444 0.422945 0.493386
18 0.0015693 0.0245405 0.133338 0.840552
18 0.0274238 0.103241 0.110968 0.758367
18 0.00158465 0.0618642 0.434334 0.502217
18 0.00418374 0.0236246 0.0536788 0.918513
18 0.00838301 0.154366 0.149607 0.687644
18 0.0101133 0.0683365 0.179059 0.742491
13 0.00526429 0.244075 0.557486 0.193175
18 0.0154989 0.0944478 0.372187 0.517866
13 0.00321718 0.027441 0.559197 0.410145
18 0.00886922 0.0685524 0.348425 0.574154
13 0.0149877 0.175982 0.405003 0.404027
18 0.00934845 0.132835 0.253696 0.60412
18 0.0835764 0.240196 0.238769 0.437458
18 0.00781769 0.275742 0.152579 0.563861
18 0.0188826 0.0838639 0.342344 0.554909
18 0.00150561 0.0259289 0.0145135 0.958052
18 0.0104466 0.0945175 0.177676 0.717359
18 0.0126239 0.0672302 0.0696025 0.850543
18 0.0158608 0.126088 0.392136 0.465916
18 0.0139643 0.233913 0.0358387 0.716284
18 0.00910965 0.0817662 0.111064 0.79806
18 0.00490402 0.0429769 0.0940171 0.858102
18 0.0557287 0.329803 0.19317 0.421298
18 0.00217753 0.0390062 0.15586 0.802957
18 0.00599388 0.0431952 0.365303 0.585508
18 0.00920508 0.0748592 0.396869 0.519067
18 0.0203861 0.137165 0.184335 0.658114
18 0.00373813 0.0550114 0.305832 0.635418
18 0.00146127 0.0237927 0.0850699 0.889676
18 0.00326787 0.0210475 0.0218512 0.953833
18 0.00164809 0.0450912 0.138233 0.815028
18 0.00266391 0.0731305 0.06672 0.857486
13 0.305068 0.260678 0.417843 0.0164111
18 0.0215673 0.138447 0.196523 0.643462
18 0.0203662 0.0559508 0.0926583 0.831025
18 0.0280517 0.128271 0.383761 0.459916
18 0.0373735 0.207958 0.0935582 0.66111
18 0.0234794 0.0722896 0.283919 0.620312
18 0.00187148 0.0238759 0.0300606 0.944192
13 0.0481244 0.187759 0.560271 0.203846
13 0.0134735 0.119702 0.712662 0.154163
18 0.000772643 0.0467752 0.0238185 0.928634
18 0.0104612 0.0867306 0.0417881 0.86102
18 0.00385305 0.12341 0.362889 0.509848
13 0.0147209 0.13135 0.523023 0.330906
7 0.0302336 0.79091 0.120801 0.0580558
18 0.0133251 0.105104 0.18367 0.697901
7 0.0672289 0.325343 0.322682 0.284746
18 0.0068536 0.0912372 0.183075 0.718834
18 0.0049193 0.071404 0.150693 0.772984
18 0.0976295 0.0886906 0.330042 0.483637
13 0.0234841 0.0637331 0.751873 0.16091
13 0.010656 0.290889 0.628874 0.0695811
18 0.00301448 0.123758 0.143828 0.7294
18 0.011015 0.120923 0.230029 0.638033
13 0.074531 0.228387 0.632925 0.0641568
18 0.0106357 0.114637 0.181754 0.692973
18 0.00162065 0.13517 0.268639 0.594571
18 0.00134447 0.0254457 0.0597601 0.91345
18 0.0139215 0.0516343 0.164461 0.769984
7 0.118871 0.332369 0.249997 0.298763
18 0.000407645 0.0628887 0.0820297 0.854674
18 0.00768394 0.0755703 0.137089 0.779657
18 0.0559365 0.137731 0.144485 0.661848
7 0.0587133 0.673747 0.171309 0.0962302
7 0.186279 0.543325 0.144782 0.125615
0 0.531115 0.165527 0.257239 0.0461186
18 0.039578 0.376414 0.0258015 0.558207
18 0.0144546 0.0368529 0.0911516 0.857541
18 0.00512075 0.223498 0.168846 0.602535
13 0.0059658 0.074188 0.757039 0.162807
18 0.0022999 0.0596442 0.118571 0.819485
18 0.00600566 0.0490875 0.22556 0.719347
18 0.0835031 0.027742 0.215407 0.673348
18 0.0383492 0.11352 0.24512 0.603011
18 0.00456907 0.0608467 0.0653801 0.869204
18 0.00457573 0.0524482 0.102673 0.840303
18 0.0091465 0.0894661 0.437196 0.464191
18 0.0112041 0.0481608 0.37036 0.570275
13 0.139436 0.124454 0.700342 0.0357684
18 0.0210921 0.0779771 0.34658 0.554351
18 0.00761076 0.0340331 0.186087 0.772269
18 0.0497163 0.354513 0.10341 0.49236
18 0.018675 0.0341103 0.321961 0.625253
7 0.132513 0.340049 0.293516 0.233922
13 0.0337795 0.0575265 0.641021 0.267673
18 0.00870067 0.134133 0.208872 0.648295
18 0.00256872 0.0228175 0.167862 0.806752
18 0.00556545 0.245949 0.208498 0.539988
13 0.00615727 0.374483 0.568219 0.0511404
18 0.00967177 0.0733947 0.111327 0.805606
13 0.0269833 0.304137 0.4622 0.20668
13 0.0817321 0.0523961 0.594252 0.27162
18 0.0080795 0.429094 0.0843589 0.478467
18 0.0248225 0.0167441 0.0656014 0.892832
13 0.0102017 0.126061 0.541944 0.321793
18 0.00353789 0.295151 0.16264 0.538671
18 0.00359611 0.267193 0.201544 0.527667
13 0.0408864 0.13064 0.608797 0.219677
18 0.0130832 0.12543 0.332683 0.528804
13 0.0320837 0.229002 0.387575 0.351339
