# This file may be used to create an environment using:
# $ conda create --name <env> --file <this file>
# platform: osx-64
appdirs=1.4.4=pyh9f0ad1d_0
audioread=2.1.8=py37hc8dfbb8_3
brotlipy=0.7.0=py37h395d20d_1001
bzip2=1.0.8=haf1e3a3_3
ca-certificates=2020.11.8=h033912b_0
certifi=2020.11.8=py37hf985489_0
cffi=1.14.3=py37hed5b41f_0
chardet=3.0.4=py37h2987424_1008
cryptography=3.2.1=py37h3b7a55b_0
cycler=0.10.0=py_2
decorator=4.4.2=py_0
ffmpeg=4.3.1=he496704_1
freetype=2.10.4=h3f75d11_0
gettext=0.19.8.1=h1f1d5ed_1
gmp=6.2.0=h2e338ed_4
gnutls=3.6.13=hc269f14_0
idna=2.10=pyh9f0ad1d_0
joblib=0.17.0=py_0
jpeg=9d=hbcb3906_0
kiwisolver=1.3.1=py37h8ec247f_0
lame=3.100=h1de35cc_1001
lcms2=2.11=h11f7e16_1
libblas=3.9.0=2_openblas
libcblas=3.9.0=2_openblas
libcxx=11.0.0=h439d374_0
libedit=3.1.20191231=h1de35cc_1
libffi=3.3=hb1e8313_2
libflac=1.3.3=h4a8c4bd_0
libgfortran=5.0.0=h7cc5361_13
libgfortran5=9.3.0=h7cc5361_13
libiconv=1.16=haf1e3a3_0
liblapack=3.9.0=2_openblas
libllvm10=10.0.1=h009f743_3
libogg=1.3.2=h0b31af3_1002
libopenblas=0.3.12=openmp_h54245bb_1
libpng=1.6.37=h7cec526_2
librosa=0.8.0=dev_0
libsndfile=1.0.29=hb1e8313_0
libtiff=4.1.0=hca7d577_6
libvorbis=1.3.7=h4a8c4bd_0
libwebp-base=1.1.0=hbcb3906_3
llvm-openmp=11.0.0=h73239a0_1
llvmlite=0.34.0=py37h3986384_2
lz4-c=1.9.2=hb1e8313_3
matplotlib=3.3.2=0
matplotlib-base=3.3.2=py37h181983e_0
ncurses=6.2=h0a44026_1
nettle=3.4.1=h3efe00b_1002
numba=0.51.2=py37h6d0141a_0
numpy=1.19.4=py37h9ebeaaa_1
olefile=0.46=pyh9f0ad1d_1
openh264=2.1.1=hd174df1_0
openssl=1.1.1h=haf1e3a3_0
packaging=20.4=pyh9f0ad1d_0
pandas=1.1.3=py37hb1e8313_0
pickle5=0.0.11=py37h9bfed18_0
pillow=8.0.1=py37h09f51b7_0
pip=20.2.4=py37hecd8cb5_0
pooch=1.2.0=py_0
pycparser=2.20=pyh9f0ad1d_2
pyopenssl=19.1.0=py_1
pyparsing=2.4.7=pyh9f0ad1d_0
pysocks=1.7.1=py37h2987424_2
pysoundfile=0.10.2=py_1001
python=3.7.9=h26836e1_0
python-dateutil=2.8.1=py_0
python_abi=3.7=1_cp37m
pytz=2020.1=py_0
readline=8.0=h1de35cc_0
requests=2.25.0=pyhd3deb0d_0
resampy=0.2.2=py_0
scikit-learn=0.23.2=py37h959d312_0
scipy=1.5.3=py37h821cff1_0
setuptools=50.3.1=py37hecd8cb5_1
six=1.15.0=pyh9f0ad1d_0
sqlite=3.33.0=hffcf06c_0
threadpoolctl=2.1.0=pyh5ca1d4c_0
tk=8.6.10=hb0a8c7a_0
tornado=6.1=py37h4b544eb_0
tqdm=4.52.0=pyhd3deb0d_0
urllib3=1.25.11=py_0
wheel=0.35.1=py_0
x264=1!152.20180806=h1de35cc_0
xz=5.2.5=h1de35cc_0
zlib=1.2.11=h1de35cc_3
zstd=1.4.5=h289c70a_2
