labels 6 0 15 20 3 17
6 0.9928 0.0006113 0.00357582 0.000117059 5.10982e-05 0.00284431
6 0.99218 0.000632082 0.00378665 0.000261951 0.000163269 0.00297573
6 0.990946 0.000615043 0.00588624 5.81544e-05 5.51175e-05 0.00243937
6 0.994019 0.000173641 0.00319437 4.2426e-05 4.3133e-05 0.0025271
6 0.995976 0.000603034 0.000758516 9.11031e-05 7.15545e-05 0.00249935
6 0.991219 0.000491097 0.00480133 0.000262738 0.000132534 0.00309325
6 0.991498 0.000795855 0.00387901 0.000460217 0.00031723 0.00304948
6 0.991741 0.000510685 0.00453162 4.09796e-05 5.52145e-05 0.00312046
6 0.991935 0.000408692 0.00635417 0.00011864 8.45477e-05 0.00109917
6 0.990083 0.000950581 0.00631644 0.000971921 0.000193076 0.00148456
6 0.989715 0.00112296 0.00539085 0.000389163 0.000140476 0.00324179
6 0.991104 0.000304698 0.00491302 0.000561003 0.00018977 0.00292747
6 0.991217 0.000610225 0.00570174 4.72066e-05 1.31964e-05 0.00241074
6 0.991283 0.000653462 0.0063722 0.000262633 0.000179789 0.00124848
6 0.991187 0.000538047 0.00634223 0.000242997 0.000149864 0.00153937
6 0.995907 5.1038e-05 0.00147878 4.60776e-05 1.77503e-05 0.00249978
6 0.991871 0.00054297 0.00414614 5.59203e-05 0.000280468 0.00310347
6 0.99294 3.90726e-05 0.00635479 0.000217993 8.69207e-06 0.000439662
6 0.994293 0.000839303 0.00311862 0.000891392 0.00034097 0.000516802
6 0.990769 0.00137351 0.00454823 4.7451e-05 8.64598e-05 0.00317552
6 0.993737 0.0010196 0.00213948 7.26169e-05 0.00041435 0.00261674
6 0.992706 0.00139485 0.00292532 0.000196224 0.000128847 0.00264867
6 0.991623 0.000472146 0.00450261 0.000238162 4.14748e-05 0.00312226
6 0.995327 0.000730022 0.000831934 0.000152096 0.000423168 0.00253568
6 0.991037 0.000539176 0.00629756 0.000234391 0.000152278 0.0017397
6 0.994125 0.000700248 0.00260891 5.69532e-05 6.66069e-05 0.00244241
6 0.993302 0.000950534 0.00264385 0.000158428 0.000220927 0.00272404
6 0.993283 0.000216125 0.00328595 0.000429605 0.000107625 0.00267816
6 0.992409 0.00057138 0.00634921 0.000161525 2.04435e-05 0.000488431
6 0.992531 0.000659418 0.00369336 3.26515e-05 0.000169966 0.00291381
6 0.995036 0.00112007 0.00159964 0.000183635 0.000725704 0.00133482
6 0.991233 0.000428055 0.00466833 0.000534046 0.000183519 0.00295311
6 0.998828 5.97169e-05 0.000878771 3.95597e-06 2.64954e-06 0.000226749
6 0.99081 0.00103783 0.00348347 0.00096754 0.000621457 0.00307932
6 0.991988 0.000256979 0.00440261 0.000179218 5.04777e-05 0.00312254
6 0.999491 1.37251e-05 0.000433571 2.58939e-06 4.94513e-07 5.82451e-05
6 0.994819 0.000296955 0.00233064 2.17029e-05 3.00482e-05 0.00250165
6 0.994411 0.000569688 0.00359761 0.000933839 0.000389453 9.8401e-05
6 0.991287 0.000550335 0.00634499 0.00021099 0.00013832 0.00146886
6 0.994943 2.68357e-05 0.00374058 0.000116146 9.53165e-06 0.00116351
0 0.00188759 0.974831 0.00326516 0.00132141 0.0149251 0.00377018
0 0.00280146 0.870536 0.0141143 0.00209357 0.093398 0.0170568
0 0.000443426 0.875892 0.0010611 0.0134259 0.108668 0.000509635
0 0.000837979 0.883344 0.000677654 0.000932197 0.113078 0.00113014
0 0.00172264 0.879308 0.0209355 0.00403823 0.0879251 0.0060708
0 0.00325755 0.905746 0.0144516 0.00719441 0.0616037 0.00774672
0 0.00223953 0.880934 0.00146639 0.00174655 0.11273 0.000882695
0 0.00138558 0.878433 0.00161675 0.0216169 0.0955978 0.00135038
0 0.000169385 0.880347 0.000391347 0.000143218 0.112024 0.00692486
0 0.000139548 0.879564 0.000426483 0.00722441 0.112016 0.000629376
0 0.0130683 0.926977 0.0114277 0.0132149 0.0298088 0.005503
0 0.0154691 0.87233 0.0150912 0.0165541 0.0697152 0.01084
0 0.000338935 0.883775 0.000463973 0.00130369 0.113241 0.000878299
0 0.000287461 0.88308 0.000370933 0.00246315 0.11316 0.000638257
0 0.000600138 0.883793 0.000747025 0.000774992 0.113248 0.000836916
0 1.69213e-05 0.885168 0.000451869 0.000811391 0.113472 7.9561e-05
0 0.00662512 0.878257 0.00882957 0.0220909 0.0800425 0.00415518
0 0.000463698 0.875271 0.00335641 0.00979423 0.110383 0.000732142
0 0.000698285 0.873446 0.00392839 0.0122008 0.108868 0.000859395
0 0.00294909 0.877105 0.00215773 0.000731382 0.111663 0.005394
0 0.000459134 0.884436 0.00053166 0.000509209 0.113254 0.000810591
0 0.000923794 0.876074 0.0026546 0.020665 0.0985006 0.00118227
0 0.000587543 0.879647 0.000189333 0.00679912 0.112097 0.000679521
0 0.000415149 0.877445 0.000528621 0.0105994 0.110523 0.000488498
0 0.00963717 0.927843 0.00810042 0.00339294 0.041959 0.00906787
0 0.0117148 0.944712 0.00657485 0.00274334 0.0283646 0.00589046
0 0.000741859 0.873251 0.00428634 0.0111198 0.109312 0.00128957
0 0.000902529 0.881171 0.00381419 0.000744336 0.112632 0.000735675
0 0.0148885 0.914807 0.0102114 0.0175763 0.0400158 0.0025011
0 0.00308171 0.960828 0.00495559 0.00263334 0.0191497 0.00935177
0 0.000755647 0.876108 0.0052715 0.0212459 0.0960648 0.000553838
0 3.82911e-05 0.885294 0.000587435 0.000588456 0.113447 4.50768e-05
0 0.000208146 0.884736 7.25553e-05 0.00160676 0.113343 3.41402e-05
0 0.00836533 0.897825 0.00724718 0.00132803 0.0670636 0.0181709
0 0.00242128 0.867638 0.011761 0.0129829 0.0848707 0.0203261
0 0.00141231 0.881558 0.00124057 0.00181099 0.112818 0.00115989
0 0.00666666 0.940292 0.00740255 0.00460398 0.0291184 0.011916
0 0.000132239 0.884739 2.42496e-05 0.00159297 0.113403 0.000108476
0 0.000315398 0.881789 0.00149773 0.00158867 0.112931 0.0018785
0 0.00265836 0.883618 0.0209883 0.00201407 0.0816078 0.00911338
15 0.00482758 0.00104358 0.989741 0.000461649 0.000183311 0.00374276
15 0.00644044 0.0013116 0.987049 0.00287336 0.0010774 0.00124847
15 0.00240006 0.00105904 0.993821 0.000608967 0.000821846 0.00128923
15 0.00407131 0.000748135 0.991163 0.000307336 0.000127358 0.00358271
15 0.00493858 0.000400316 0.991225 0.00185096 0.000370521 0.00121439
15 0.0032008 0.00155789 0.990947 0.0010559 0.000344577 0.0028941
15 0.00440801 0.000573541 0.990158 0.000946806 0.00014147 0.00377266
15 0.0066769 0.000944257 0.986837 0.000757773 0.000230837 0.00455275
15 0.0076204 6.97397e-05 0.986668 0.00303339 1.32815e-05 0.00259488
15 0.00457743 0.000905999 0.989169 0.00124213 0.000302863 0.00380284
15 0.00385198 0.0002399 0.99139 0.00210998 0.000100261 0.00230825
15 0.0049142 0.000556489 0.98987 0.000716526 0.000212708 0.00373012
15 0.00213575 0.00101214 0.994433 0.000332567 0.00080548 0.00128098
15 0.00474852 0.00070382 0.990226 0.000524204 0.000170692 0.0036266
15 0.00143102 0.000567125 0.995081 0.00168105 0.000358982 0.000880878
15 0.00510968 0.00124795 0.989605 0.000207914 5.35795e-05 0.00377566
15 0.0026182 0.000725246 0.994524 0.000785671 0.000784201 0.000563025
15 0.00299822 0.00174406 0.991158 0.000736486 0.000735076 0.00262792
15 0.00312504 0.00047924 0.991385 0.00210973 0.000606525 0.00229489
15 0.0092844 0.00109799 0.984449 0.000980474 0.000294123 0.00389383
15 0.00355632 0.000369016 0.990072 0.00229289 0.000395853 0.00331347
15 0.00737666 0.000544338 0.98643 0.000724191 0.000256989 0.00466794
15 0.00188123 0.000735922 0.992029 0.00215151 0.000422235 0.00278018
15 0.0060578 0.000925853 0.986729 0.00208199 0.000375817 0.00382924
15 0.00462841 0.00139084 0.989059 0.000354342 0.000367715 0.00419983
15 0.00412981 0.00049451 0.990564 0.00203914 0.000609912 0.00216216
15 0.00412609 0.000671389 0.992377 0.00177617 0.000734864 0.000314817
15 0.00559958 0.000864348 0.988271 0.00115348 3.9798e-05 0.00407203
15 0.00416754 0.00180577 0.988253 0.00156853 0.00100156 0.00320382
15 0.00503475 0.00200837 0.986946 0.000984902 0.000997834 0.0040284
15 0.00266399 0.000816022 0.994017 0.00171854 0.000543146 0.000241296
15 0.00380565 0.000515818 0.992407 0.00190255 0.000820431 0.000548332
15 0.00157056 0.000898356 0.996058 9.79943e-05 0.00079663 0.000578891
15 0.00399739 5.27354e-05 0.991001 0.00131624 2.30739e-05 0.00361004
15 0.00615436 0.000623304 0.986686 0.00288232 0.00080701 0.00284747
15 0.00540212 0.000352049 0.991034 0.00218751 0.000255838 0.000768095
15 0.00938832 0.000343865 0.987973 0.000520388 3.17063e-05 0.00174235
15 0.00746168 0.00108601 0.986167 0.000546709 7.12108e-05 0.00466692
15 0.00220121 0.00102462 0.994461 0.000698325 0.000830015 0.00078485
15 0.00581497 0.00151574 0.986791 0.00133396 0.000244428 0.00430029
20 0.00120343 0.000180014 0.002205 0.996064 8.79748e-05 0.00025942
20 0.000330041 0.0037345 0.000775987 0.991795 0.00319638 0.000168543
20 0.00139199 0.00279701 0.00201675 0.990205 0.00297265 0.000616566
20 0.0014828 0.00325758 0.00275318 0.989745 0.00266841 9.3297e-05
20 0.000381877 0.00341066 0.00124899 0.992368 0.00235779 0.000232722
20 0.00073648 0.00284325 0.00237215 0.990154 0.00378863 0.000105613
20 6.30847e-07 8.95014e-07 1.01748e-06 0.99969 0.000301784 5.32182e-06
20 0.00021515 0.00182867 0.00219579 0.99356 0.00213594 6.45369e-05
20 0.00152442 0.00118725 0.00155559 0.993725 0.00154862 0.000459252
20 0.000428135 0.00342885 0.00173039 0.992686 0.00154934 0.00017717
20 0.000694885 0.00243244 0.00275874 0.991325 0.00212978 0.000659467
20 0.00140348 0.00205554 0.0023135 0.99196 0.00198381 0.000284053
20 0.000333141 0.0030795 0.00191718 0.991588 0.00203978 0.00104232
20 9.80726e-05 0.00334481 0.00164171 0.992956 0.00185655 0.000102713
20 0.000758735 0.000379048 0.00225076 0.996343 0.000216525 5.17306e-05
20 0.000574387 0.00216859 0.00256982 0.992035 0.00257507 7.71456e-05
20 0.000999628 0.00360009 0.00158378 0.990664 0.00257678 0.000576154
20 0.000456088 0.00180574 0.0023629 0.992668 0.00252248 0.000184518
20 0.000353391 0.00348313 0.00202505 0.990406 0.00330214 0.000430637
20 0.00158514 0.001379 0.00191908 0.990873 0.0041665 7.68519e-05
20 0.00016554 0.000180153 0.00212346 0.997196 0.000297054 3.76568e-05
20 0.000737665 0.00177599 0.0025385 0.992669 0.00150898 0.000769709
20 0.000664783 0.00346509 0.00157189 0.992452 0.00182946 1.65075e-05
20 0.000422917 0.00168951 0.00261516 0.992085 0.00290908 0.000278681
20 0.000873637 0.0023668 0.0029486 0.990733 0.00281969 0.000258089
20 0.00153003 0.00197632 0.00116333 0.990693 0.00444742 0.000189583
20 0.00169938 0.00206704 0.00288259 0.989878 0.00300102 0.000472149
20 0.00147203 0.000650709 0.00227947 0.993102 0.00233451 0.000160843
20 0.000630818 0.00210491 0.0016689 0.990315 0.00507399 0.000206032
20 0.00108791 0.00303809 0.00174677 0.988632 0.00429005 0.00120499
20 9.89754e-05 0.0022091 0.00119006 0.991367 0.00504915 8.55386e-05
20 0.000978332 0.00055656 0.00231647 0.994164 0.00186591 0.000118918
20 0.000647632 0.00169536 0.0022679 0.992878 0.00238374 0.000127731
20 0.000963942 0.00115291 0.00135263 0.992069 0.00438158 7.97133e-05
20 0.000520243 0.00344128 0.00191506 0.991171 0.00226743 0.00068455
20 0.000716861 0.00229025 0.00272816 0.991862 0.00184663 0.000556224
20 0.000533608 0.00195654 0.00265557 0.991711 0.00297443 0.000168587
20 0.000544 0.00175646 0.00241888 0.9922 0.00239731 0.000683557
20 0.000183389 0.00240865 0.00187716 0.990331 0.00504536 0.00015434
20 0.000537116 0.00228757 0.00119112 0.990786 0.00505431 0.000144139
3 0.000993425 0.111671 0.00887862 0.00322616 0.874004 0.00122747
3 0.00032754 0.114401 0.00033383 0.00232023 0.882429 0.000188547
3 0.000742805 0.113386 0.00509368 0.00105226 0.878268 0.00145725
3 0.000136858 0.112526 0.0066712 0.00472364 0.875763 0.000178868
3 0.000293849 0.112133 0.000925664 0.000166964 0.87794 0.00854064
3 0.00214168 0.0733623 0.0180821 0.00444264 0.900043 0.00192809
3 0.00393759 0.0616233 0.00693686 0.015409 0.908918 0.00317555
3 0.000362669 0.11429 0.000796054 0.00202727 0.881765 0.000759157
3 0.00113412 0.081466 0.00156014 0.0227711 0.89218 0.000889136
3 8.62978e-05 0.114685 0.000104403 9.15209e-05 0.88497 6.30651e-05
3 0.00162471 0.113174 0.00214207 0.00607891 0.876527 0.000453499
3 0.00077811 0.0842462 0.00207317 0.0232455 0.888786 0.000870675
3 0.00144598 0.0816381 0.0206894 0.00486689 0.889862 0.0014977
3 8.35973e-05 0.114762 0.000171749 0.000110635 0.884857 1.53797e-05
3 0.000416995 0.114084 0.000484467 0.00441661 0.880315 0.000282116
3 0.00014612 0.0225268 0.000729959 0.0023592 0.974185 5.26281e-05
3 0.000235296 0.113963 0.00212563 0.00346194 0.878989 0.00122521
3 0.000226501 0.105225 0.00595647 0.0176161 0.870662 0.000314287
3 0.00077448 0.114489 0.000507892 0.00137342 0.882634 0.000220543
3 0.000436564 0.114136 0.00106601 0.00273656 0.880574 0.00105103
3 0.00889217 0.0642068 0.00616545 0.0185451 0.900294 0.0018967
3 0.000332952 0.0637042 4.064e-05 0.000209558 0.93563 8.22097e-05
3 0.00020072 0.0747 9.99363e-05 0.00109492 0.923879 2.55225e-05
3 0.00211943 0.0972 0.0205147 0.00198444 0.877192 0.00098936
3 0.000535055 0.108136 0.0144892 0.00191946 0.874086 0.000835154
3 0.000380576 0.0808305 0.00058909 0.00388713 0.913997 0.00031588
3 7.49656e-05 0.114348 0.000118531 0.00328865 0.88192 0.000249873
3 0.00034562 0.114443 0.000399245 0.00198197 0.882027 0.000804113
3 2.12884e-05 0.114628 0.000365912 0.000328829 0.884518 0.00013866
3 0.00155573 0.0610447 0.00607478 0.0142884 0.9155 0.00153606
3 3.12949e-05 0.100026 7.88019e-05 7.09214e-05 0.899607 0.000186313
3 0.000107392 0.114521 0.000189013 0.00123332 0.883767 0.000182265
3 0.000693625 0.0910426 0.021292 0.00293082 0.875654 0.00838736
3 0.00027121 0.114295 0.000400208 0.00271401 0.882029 0.000291373
3 0.00427983 0.110675 0.00158615 0.0034965 0.872721 0.0072414
3 0.000107791 0.113803 0.00479151 0.000482068 0.880685 0.000130357
3 0.000594007 0.102799 0.0184593 0.00400302 0.873562 0.000582697
3 0.00052756 0.110966 0.000264322 0.0126977 0.875378 0.00016622
3 0.00174944 0.0528556 0.000155141 0.000699636 0.944143 0.000396905
3 0.000387018 0.112976 0.0005859 0.00839332 0.877241 0.000417422
17 0.00275327 0.000556634 0.00395578 0.000375915 7.2693e-05 0.992286
17 0.00172806 0.000745309 0.00486066 0.000253938 6.97626e-05 0.992342
17 0.00159648 0.000635668 0.00475419 0.000229472 3.74984e-05 0.992747
17 0.001586 0.000365564 0.004748 1.37032e-05 2.19136e-05 0.993265
17 0.00258976 0.000808135 0.00473534 0.000192913 3.78928e-05 0.991636
17 0.00318406 0.000830115 0.00435988 0.000176067 5.88363e-05 0.991391
17 0.00240066 0.000815867 0.00392207 0.000944049 0.000415141 0.991502
17 0.00268459 0.000767155 0.00416543 0.000254409 5.40166e-05 0.992074
17 0.00079676 0.00139862 0.00480171 0.0002308 0.000154364 0.992618
17 0.00207379 0.000208678 0.00489687 0.000236436 3.33093e-05 0.992551
17 0.00192454 0.00172485 0.00185609 0.000135428 0.00092663 0.993432
17 0.00222074 0.00176487 0.00244583 9.03632e-05 0.000173082 0.993305
17 0.00315375 0.00047966 0.0043868 0.000271831 8.92919e-05 0.991619
17 0.00313201 0.0017836 0.00446724 0.000164192 0.000165112 0.990288
17 0.00293523 0.00106859 0.00118792 0.00022494 0.000321402 0.994262
17 0.000399036 0.00220904 0.00383055 0.000107364 0.000846468 0.992608
17 0.00114504 0.00142779 0.00492046 0.000214995 0.000503748 0.991788
17 0.00175926 0.00087623 0.00489542 4.23308e-05 6.96309e-05 0.992357
17 0.00301672 0.00116946 0.00265208 0.00041238 8.54347e-05 0.992664
17 0.00080474 0.00191088 0.00255849 0.00019627 0.000766177 0.993763
17 0.000672544 0.00216937 0.00116298 6.5976e-06 0.000292227 0.995696
17 0.0026343 0.000821765 0.00430832 0.000260276 9.32356e-05 0.991882
17 0.00185379 0.000934527 0.0049609 0.000151 0.000162462 0.991937
17 0.000689472 0.000893242 0.00469213 0.000110678 5.75104e-05 0.993557
17 6.47048e-07 6.77961e-07 6.61547e-07 1.8914e-07 6.54362e-07 0.999997
17 0.000593186 0.000627482 0.000945042 1.79995e-05 0.000363491 0.997453
17 0.000950311 0.00171447 0.00109308 4.4188e-05 0.000596874 0.995601
17 0.0014319 0.00153476 0.00212314 0.000209284 0.000843769 0.993857
17 0.000402101 0.00127544 0.00263032 0.000103163 0.0007945 0.994794
17 0.00295135 0.000734746 0.0028807 0.000185391 3.08629e-05 0.993217
17 0.00283656 0.000101957 0.00307101 8.05868e-06 3.76572e-06 0.993979
17 8.67071e-05 5.04673e-05 0.00460194 0.000222114 1.33927e-05 0.995025
17 0.00184862 0.00154291 0.00353499 0.00032991 0.00115328 0.99159
17 0.00275297 0.000731248 0.00466052 2.55916e-05 2.74076e-05 0.991802
17 0.00233805 0.00198707 0.00257755 4.35763e-05 0.000973675 0.99208
17 0.0028124 0.000609256 0.00379535 0.000279834 6.04698e-05 0.992443
17 0.00294524 0.00116523 0.00465937 0.000276439 0.000107123 0.990847
17 0.0011916 0.00258285 0.00433199 0.000429833 0.000385809 0.991078
17 0.00262354 0.000116206 0.00434814 0.000135631 7.05457e-06 0.992769
17 0.0025394 0.00223556 0.00239208 2.6517e-05 0.000827292 0.991979
6 0.990638 0.000587701 0.00606962 0.000403988 0.000148896 0.00215216
6 0.996889 0.000490164 0.0015421 6.89332e-06 6.23387e-05 0.00100907
6 0.995243 0.00101755 0.00142027 0.000235009 0.000727635 0.00135612
6 0.992525 0.000106827 0.00621134 6.98222e-05 9.39607e-05 0.000993531
6 0.99174 0.000550271 0.00442608 0.000133547 2.92796e-05 0.00312102
6 0.995877 0.00100984 0.00146148 0.000227736 0.000712602 0.000711111
6 0.993924 0.000903709 0.00203999 4.60564e-05 0.000489039 0.00259756
6 0.994694 0.000914185 0.00175145 4.32311e-05 6.21707e-05 0.00253466
6 0.996022 2.19604e-05 0.00369912 2.3263e-05 4.7817e-06 0.000229174
6 0.993634 0.000609952 0.00316697 2.842e-05 5.63261e-05 0.00250475
6 0.990677 0.00058679 0.00579349 0.000211977 0.00018766 0.00254282
6 0.991906 0.000473752 0.00418111 0.000194233 0.000147989 0.00309705
6 0.994127 0.000852773 0.00162282 0.000312288 0.000477495 0.00260737
6 0.992697 0.000573176 0.00448691 0.00140822 0.000272418 0.000562498
6 0.991229 0.000606935 0.00504844 5.14809e-05 3.89795e-05 0.00302536
6 0.991184 0.000514572 0.00632678 0.000362134 0.000137173 0.00147584
6 0.991397 0.000270171 0.00619467 0.000179845 2.07252e-05 0.00193752
6 0.991801 0.00119513 0.00307867 0.00056429 0.00044863 0.00291242
6 0.993358 0.000716234 0.00313449 0.000102995 0.000171612 0.00251671
6 0.99157 0.000473518 0.00443817 0.000224102 0.000171834 0.00312275
6 0.993769 0.000758417 0.00277255 4.00419e-05 4.58474e-05 0.00261428
6 0.992475 0.000550394 0.00395306 0.00123065 0.000616482 0.00117409
6 0.993231 0.000589728 0.00289 0.000691348 0.000490371 0.00210707
6 0.993538 0.000975244 0.00197822 0.000220602 0.000578049 0.00270963
6 0.995747 4.66451e-05 0.00169193 1.09001e-05 4.63432e-06 0.00249934
6 0.992053 0.000609787 0.0049621 0.00145472 0.000222475 0.000697577
6 0.989745 0.00141178 0.00435732 0.00092071 0.000466823 0.00309858
6 0.993261 0.000610941 0.00329138 6.56983e-05 0.000160714 0.00261013
6 0.99153 0.000666186 0.00633595 0.000497344 0.000298133 0.000672548
6 0.992013 0.000626182 0.00395109 0.000127386 0.000242474 0.00304012
6 0.992435 0.00060512 0.00365961 0.000258909 0.000139766 0.00290173
6 0.991417 0.000485135 0.00634129 0.000206456 0.000141403 0.0014083
6 0.992683 0.00168337 0.0035398 0.000158169 0.000260647 0.00167532
6 0.991009 0.000520814 0.00520949 0.000483347 0.000134722 0.00264266
6 0.989534 0.00146249 0.00627989 0.00105055 0.000292662 0.00138002
6 0.989049 0.00111402 0.00536854 0.0014068 0.000395868 0.00266582
6 0.9929 0.000479204 0.0038216 0.00119091 0.000156862 0.0014514
6 0.995699 0.000960277 0.000357859 4.23277e-05 0.000389234 0.00255096
6 0.992959 0.000597461 0.0034182 0.000157702 0.000142502 0.00272474
6 0.989053 0.00107863 0.00577999 0.00125722 0.000399828 0.00243109
0 0.00147924 0.874694 0.0153672 0.00119508 0.105626 0.0016391
0 0.00076032 0.876181 0.00846869 0.00173397 0.110832 0.00202441
0 0.000907126 0.882834 0.001045 0.000353024 0.113068 0.00179248
0 0.014048 0.930324 0.00936507 0.00566145 0.0326319 0.00796954
0 0.00045587 0.882917 0.00251611 0.000348273 0.113087 0.000675107
0 0.000414288 0.88372 0.000448981 0.00158245 0.113313 0.000521339
0 0.000817912 0.896193 0.00644019 0.00610094 0.0892416 0.00120625
0 0.000317935 0.884481 0.000263144 0.00103582 0.113308 0.000593831
0 0.000458605 0.884383 0.000626605 0.000702108 0.113322 0.000508512
0 9.72348e-05 0.884329 0.000356431 0.00144869 0.113301 0.000468056
0 0.00277723 0.968738 0.00397984 0.00328729 0.017157 0.00406062
0 0.000113006 0.885813 0.000128714 0.000382924 0.11352 4.19647e-05
0 0.00212572 0.894362 0.0164233 0.0133089 0.0661711 0.00760885
0 0.0019361 0.894868 0.0189459 0.000930954 0.0747353 0.00858336
0 0.00579231 0.87263 0.00380914 0.000916226 0.10915 0.00770159
0 0.00070965 0.88146 0.00272987 0.00122491 0.11286 0.00101602
0 0.000234304 0.88193 0.000628775 0.00387849 0.112845 0.000483316
0 0.00191359 0.871814 0.00327391 0.0178635 0.103355 0.00177991
0 0.000282721 0.883693 0.000682599 0.00172309 0.113295 0.0003236
0 0.000345074 0.883827 0.000434453 0.00156989 0.113337 0.000486423
0 0.000388533 0.879781 0.00342817 0.00307737 0.112365 0.000959467
0 0.00143473 0.879367 0.020688 0.000845499 0.0934638 0.00420065
0 0.000223731 0.883592 0.000576324 0.00161064 0.113216 0.000780856
0 0.00566983 0.967227 0.00360811 0.00350549 0.0181914 0.00179774
0 0.0146961 0.902336 0.00860934 0.00144731 0.0556115 0.0173
0 0.00604905 0.880043 0.0209032 0.00139587 0.0860433 0.00556603
0 0.00198093 0.881117 0.0211226 0.000613333 0.0891436 0.00602258
0 0.00249533 0.928971 0.00804211 0.0127987 0.045194 0.00249837
0 0.000522555 0.882539 0.000210681 0.00347135 0.113041 0.000215209
0 0.00629882 0.870338 0.00318142 0.0192841 0.0997204 0.00117711
0 0.00401531 0.875903 0.00460458 0.00266328 0.111464 0.0013497
0 0.00728412 0.914979 0.0154165 0.00442069 0.0439967 0.0139029
0 0.00030077 0.88345 0.000106621 0.00266132 0.113236 0.000245093
0 0.000916666 0.875747 0.000807821 0.0177301 0.104257 0.000541493
0 7.95605e-05 0.881593 0.000994447 0.00375332 0.11297 0.000609683
0 0.0138824 0.875132 0.0172028 0.000703227 0.0839153 0.00916424
0 0.00671319 0.877804 0.00463929 0.0190614 0.0891579 0.00262464
0 0.00677598 0.893784 0.0119973 0.0193756 0.0651053 0.00296197
0 0.0104699 0.94328 0.00551683 0.00465673 0.0301162 0.00596004
0 0.00130657 0.877682 0.0019969 0.00210505 0.11228 0.00463012
15 0.00346086 0.000574011 0.991017 0.00214615 0.000232837 0.00256924
15 0.00203422 0.000845344 0.993498 0.00180931 0.000519026 0.00129377
15 0.00211437 0.000932129 0.993549 0.00137614 0.00101269 0.00101572
15 0.00489771 0.000382839 0.990778 0.000197079 4.22528e-05 0.00370172
15 0.00473601 0.000352931 0.990717 0.000407 0.000202174 0.00358486
15 0.0048694 0.000880552 0.98812 0.00273664 0.00014757 0.00324556
15 0.00767398 0.000846839 0.986176 0.00297656 0.000890029 0.00143698
15 0.00154192 0.00122387 0.995592 0.000571957 0.00050962 0.000560718
15 0.00749026 0.000651817 0.986892 0.00291663 0.000918698 0.00113012
15 0.00111583 0.000987695 0.995164 0.000841427 0.000891159 0.00099956
15 0.00326117 0.00134061 0.991009 0.00183802 0.00133341 0.00121779
15 0.00512939 0.000691117 0.989327 0.000689134 0.000300853 0.00386244
15 0.0055244 0.00126762 0.988561 0.00265838 0.000959804 0.00102928
15 0.00214003 0.000692361 0.995214 0.000400591 0.000772254 0.000780863
15 0.00248583 0.000806383 0.993855 0.000689042 0.000826649 0.0013369
15 0.00577421 0.0012884 0.987436 0.00101868 0.000233454 0.00424945
15 0.00656437 0.000600958 0.988138 0.000189706 2.85517e-05 0.00447889
15 0.000981953 0.000494809 0.994745 0.000127992 0.000122739 0.00352708
15 0.00865464 0.00195752 0.985582 0.000588655 0.000511698 0.00270518
15 0.00738137 0.000465807 0.986891 0.00302399 0.000343597 0.00189435
15 0.00250767 0.000674922 0.993906 0.00176182 0.000856229 0.000292867
15 0.00410791 0.001103 0.989979 0.000920193 0.000274936 0.00361531
15 0.00408081 0.00176926 0.989762 0.000677107 0.000941417 0.00276946
15 0.00162148 0.000586462 0.992349 0.00158117 0.000217263 0.00364425
15 0.00417775 0.00123377 0.987908 0.00257504 0.00064844 0.00345739
15 0.00211631 0.00141044 0.993076 0.00120717 0.000741832 0.001448
15 0.00468112 0.000780478 0.990143 0.00193117 0.000449909 0.0020141
15 0.00249427 0.000766323 0.994441 0.000761812 0.000809058 0.000727121
15 0.00953924 0.000469997 0.985793 0.000589462 0.000154966 0.00345336
15 0.00714835 0.000591461 0.985474 0.00288255 0.000135128 0.00376879
15 0.00204036 0.00107637 0.992947 0.00120135 0.00109761 0.0016378
15 0.00500672 0.000681842 0.990084 0.000162627 0.000282111 0.00378244
15 0.00277347 0.000777626 0.993061 0.00174724 0.000615426 0.00102517
15 0.00612693 0.00024258 0.988923 0.000344257 3.94176e-05 0.0043235
15 0.00277707 0.00105085 0.992836 0.000940589 0.00100283 0.00139251
15 0.00241553 0.00101437 0.992693 0.000739718 0.00103819 0.00209956
15 0.00848417 0.000682721 0.984479 0.0016518 0.000222676 0.00447989
15 0.00963649 0.000385654 0.985959 0.000649806 0.000195613 0.00317379
15 0.00921145 3.97068e-05 0.986692 2.07959e-05 1.43783e-06 0.00403421
15 0.00359439 0.00123172 0.989295 0.00235966 0.000242974 0.00327662
20 0.000982389 0.0026774 0.00159259 0.989395 0.00495753 0.000395357
20 0.000526416 0.00273784 0.000834597 0.990645 0.00506557 0.000190829
20 0.000410229 0.00233578 0.00255055 0.989573 0.00492213 0.00020825
20 0.00096885 0.00161155 0.000590643 0.992477 0.00423095 0.000120951
20 0.00155781 0.00136086 0.00248741 0.991141 0.0033878 6.5101e-05
20 0.000337695 0.00308867 0.00217326 0.991479 0.00208927 0.000832403
20 0.000369622 0.00339609 0.000886167 0.992464 0.00248588 0.000397938
20 0.00105817 0.000463804 0.00240278 0.994713 0.00125308 0.000108994
20 0.000916953 0.000911815 0.00285374 0.991354 0.00332676 0.000636938
20 0.000757404 0.00383573 0.0012979 0.990872 0.0031015 0.000135879
20 0.000250375 0.00185939 0.00241206 0.992895 0.00252735 5.57262e-05
20 0.000391327 0.00276917 0.00217477 0.991979 0.00190607 0.000779314
20 8.16682e-05 0.00353534 0.000824743 0.990601 0.00480078 0.000156846
20 0.000487922 0.00320409 0.00179859 0.992796 0.000917624 0.000795523
20 5.66029e-05 0.00310196 0.0011079 0.992513 0.00319384 2.6209e-05
20 0.000489551 0.00214388 0.000741636 0.99138 0.00499399 0.00025091
20 0.000713278 0.00171857 0.00264773 0.991978 0.00289636 4.60611e-05
20 0.000960679 0.0038293 0.00116419 0.989501 0.00440706 0.000137546
20 8.49196e-05 0.00295285 0.00193337 0.989981 0.00498636 6.18137e-05
20 0.000660264 0.00336351 0.00143577 0.991445 0.00287883 0.000216237
20 5.61537e-05 0.00174102 0.00244059 0.992961 0.00272588 7.554e-05
20 1.92994e-05 0.00345809 0.000560965 0.993834 0.00201122 0.00011663
20 0.000280624 0.00145076 0.00227074 0.993197 0.00262974 0.000171383
20 0.00207319 0.00218858 0.00269575 0.989794 0.00311232 0.000136592
20 0.000783994 0.00277301 0.00267873 0.991512 0.00206598 0.000186696
20 0.00018891 0.00192407 0.0022992 0.993353 0.00209157 0.000143256
20 0.000433383 0.00269527 0.00223407 0.992541 0.00139895 0.00069777
20 0.000159645 0.0002483 0.00234125 0.995888 0.00136047 2.22235e-06
20 0.000493134 0.00390595 0.000833426 0.990386 0.00418017 0.00020123
20 0.000278475 0.00308549 0.00180958 0.989655 0.0050086 0.00016328
20 0.000592788 0.00022079 0.00219871 0.995953 0.000604962 0.000429478
20 0.00138363 0.00369441 0.0021654 0.989434 0.00308509 0.000237028
20 0.000370807 0.00376278 0.000988909 0.991443 0.00325664 0.000177727
20 0.00201664 0.00306039 0.00243859 0.988065 0.00386476 0.000554781
20 0.000373251 0.00313485 0.0028048 0.990491 0.00302058 0.000175083
20 0.000784096 0.00217218 0.00285338 0.989359 0.0044431 0.000388309
20 0.00135234 0.0028924 0.00234684 0.99271 0.000350746 0.00034731
20 0.00104243 0.00143177 0.00223585 0.994511 0.000561431 0.00021762
20 0.000400629 0.0020803 0.00235398 0.992991 0.00129684 0.000877553
20 0.00149126 0.00319674 0.00257251 0.988946 0.0036509 0.000142875
3 0.000533946 0.114497 0.000231147 0.00137777 0.883229 0.000131747
3 0.000412185 0.114479 0.000350243 0.00181513 0.882808 0.000135104
3 0.00228888 0.0975132 0.0204111 0.00268433 0.875876 0.00122649
3 0.00024842 0.114742 4.88112e-05 0.000261499 0.88466 3.9406e-05
3 0.00191885 0.0679037 0.00270525 0.0178611 0.908392 0.00121945
3 0.000271962 0.112355 0.00866165 0.00116184 0.877256 0.000293869
3 0.000486972 0.105984 0.0163335 0.00325456 0.873104 0.000836764
3 0.00163969 0.0569161 0.00632918 0.0113513 0.921891 0.00187245
3 0.000275142 0.11446 0.000606869 0.00237502 0.882174 0.000109091
3 0.000876222 0.108744 0.0133071 0.00430832 0.871584 0.00118019
3 0.000806438 0.107487 0.00275478 0.00151589 0.873135 0.0143007
3 0.000277012 0.114258 0.00180991 0.00173483 0.881522 0.000398525
3 0.000238623 0.114561 0.000227498 0.00140715 0.88345 0.000116061
3 0.000751553 0.111571 0.00939974 0.00322508 0.874469 0.000583608
3 0.000308946 0.0584117 0.00020281 0.00550892 0.935538 2.97262e-05
3 0.000676306 0.111523 0.0098095 0.00163081 0.875943 0.000416776
3 0.000792145 0.114514 0.000208497 0.000896363 0.88322 0.000368902
3 0.000159032 0.114063 0.000590645 0.00413948 0.880076 0.000971303
3 0.00148049 0.0881586 0.0214238 0.00258824 0.884183 0.00216636
3 0.000981594 0.111356 0.00984477 0.00267952 0.874059 0.00107901
3 0.000322936 0.107931 0.000633691 0.0166472 0.87416 0.000304927
3 0.000229324 0.114435 0.00037636 0.00156718 0.883265 0.000127574
3 0.000193182 0.114487 0.000137304 0.00217904 0.882912 9.06852e-05
3 0.000524004 0.0594606 9.09304e-05 0.000160712 0.939642 0.000121279
3 6.23511e-05 0.114024 0.000945784 0.00473317 0.880158 7.66199e-05
3 0.00103802 0.112605 0.00707981 0.00204467 0.876499 0.000733853
3 0.000822019 0.113755 0.00321554 0.00237324 0.879158 0.000676509
3 0.000289472 0.113031 0.00684986 0.000656281 0.878957 0.000216472
3 0.00497732 0.0626668 0.00348185 0.0153065 0.911538 0.00203
3 0.000437561 0.112156 0.000995727 0.0103292 0.875807 0.000274011
3 0.00206736 0.0429104 0.00923951 0.0172483 0.926149 0.00238512
3 0.000886257 0.113857 0.00150554 0.00396815 0.879425 0.000358815
3 9.5468e-05 0.0502671 0.000304563 0.00115158 0.946377 0.00180468
3 0.00240646 0.0654814 0.00628954 0.0171648 0.906977 0.00168071
3 0.000742246 0.106001 0.0164164 0.00185379 0.874211 0.000775084
3 0.000276776 0.113062 0.00342334 0.00688101 0.876238 0.000118481
3 8.37816e-05 0.113649 0.000880522 0.00631986 0.879003 6.34899e-05
3 0.00207976 0.0652129 0.00395365 0.0168817 0.907373 0.00449851
3 0.000684542 0.103591 0.0179707 0.000990382 0.875277 0.00148606
3 0.000384323 0.114473 2.86804e-05 0.00179863 0.883295 2.05796e-05
17 0.000269491 0.000789968 0.0046198 0.000116617 8.29948e-05 0.994121
17 0.00323694 0.000741846 0.00423531 4.71737e-05 1.7289e-05 0.991721
17 0.00310395 0.00218867 0.00336103 0.00104365 0.000557843 0.989745
17 0.00292691 0.00137065 0.00342222 5.57018e-05 6.83741e-05 0.992156
17 0.000631499 0.00197435 0.00374433 0.000191205 0.000504376 0.992954
17 0.00294918 0.00160464 0.00247891 0.000132278 5.69241e-05 0.992778
17 0.00176748 0.00181751 0.00144493 4.63973e-05 0.000698787 0.994225
17 0.00266832 0.000293546 0.00424906 3.52789e-05 7.71442e-06 0.992746
17 0.00216633 0.00146336 0.00150088 0.00014731 0.000745652 0.993976
17 0.00158501 0.00013841 0.004768 0.000226953 1.33518e-05 0.993268
17 0.000299825 0.000641334 0.0046435 0.000342346 0.000117428 0.993956
17 0.000163892 0.000968882 0.00178249 0.000132829 0.000453463 0.996498
17 5.90653e-07 1.13319e-06 1.1746e-06 2.69881e-07 3.62122e-07 0.999996
17 0.00274057 0.00120167 0.00305517 0.000134404 0.000302761 0.992565
17 0.00280627 0.000703285 0.00380566 0.000280195 4.4301e-05 0.99236
17 0.00178731 0.00175357 0.00133702 0.00018154 0.000767921 0.994173
17 0.00266863 0.00079606 0.00471779 0.000326424 3.14056e-05 0.99146
17 0.00142845 0.00183888 0.00152927 0.0001497 0.000744509 0.994309
17 0.00218521 0.00146753 0.00220459 0.000772329 8.82064e-05 0.993282
17 0.00102921 0.0014278 0.00136681 3.47716e-05 0.000560891 0.995581
17 0.00187037 0.00213545 0.00293637 0.000190373 0.00104918 0.991818
17 0.0019205 0.000703475 0.00489601 0.000216223 5.99936e-05 0.992204
17 0.00287075 0.000122389 0.000534171 5.98157e-06 2.40912e-06 0.996464
17 0.00303196 0.00176574 0.00455449 0.000179196 0.000156337 0.990312
17 0.00101127 0.00167315 0.00127958 0.000359896 0.000544893 0.995131
17 0.00141357 0.000851541 0.00481941 0.000492999 5.22057e-05 0.99237
17 0.00260005 0.00197186 0.00462266 0.000133766 0.00031885 0.990353
17 8.93795e-05 0.000257048 0.0045933 3.86382e-06 4.54951e-05 0.995011
17 0.0022396 0.0021816 0.00293 0.000153648 4.26557e-05 0.992452
17 0.00147879 0.000887672 0.00473735 0.000298403 0.00010253 0.992495
17 0.00083145 0.0023282 0.00451173 0.000380521 0.000438408 0.99151
17 5.37987e-05 0.00169646 0.00195896 0.000131756 0.000742147 0.995417
17 0.00174212 0.00124692 0.00168982 0.000128962 0.000659529 0.994533
17 0.00266298 0.000785635 0.00419763 0.000109603 4.61527e-05 0.992198
17 0.00127951 0.00208685 0.00121236 0.00013284 0.00060796 0.99468
17 0.00140422 0.00164711 0.00151351 0.000135182 0.000763912 0.994536
17 0.000459233 0.000147223 0.00211801 1.08628e-05 6.58631e-06 0.997258
17 0.0029262 0.000112651 0.000780536 4.88327e-05 7.08123e-06 0.996125
17 0.00103801 0.00154245 0.000972654 6.81197e-05 0.000518701 0.99586
17 0.00174417 0.000732162 0.00490059 9.72904e-05 3.08319e-05 0.992495
6 0.994111 0.00118983 0.00164523 0.000113175 0.000582676 0.00235764
6 0.992991 0.000625311 0.00342779 0.000167892 5.25622e-05 0.00273501
6 0.99096 0.00173346 0.00354398 0.000207695 0.000579013 0.00297626
6 0.994235 0.00067868 0.00179744 6.94159e-05 0.000521809 0.00269743
6 0.991271 0.000598835 0.00610679 0.000938431 0.000148457 0.000936047
6 0.992792 0.000546251 0.00392042 0.00114158 0.00018117 0.00141819
6 0.991402 0.000488073 0.00462166 0.000219453 0.000144469 0.00312479
6 0.993276 0.000629044 0.0032185 0.000151408 0.000170389 0.00255475
6 0.993004 0.000589041 0.0040135 0.00122595 0.000375382 0.000792363
6 0.993273 0.000682506 0.00331284 1.78691e-05 6.32217e-05 0.0026507
6 0.993676 0.000320197 0.00314858 2.85062e-05 2.66751e-05 0.00280017
6 0.991639 0.000469258 0.00633463 0.000387327 0.000138908 0.0010307
6 0.991987 0.00063263 0.00420465 2.23143e-05 3.59823e-05 0.00311746
6 0.993333 0.000707021 0.0032578 3.67712e-05 5.29727e-05 0.00261293
6 0.990881 0.000692096 0.00468603 0.000210594 0.000336962 0.00319331
6 0.998112 0.000243449 0.000355358 1.37843e-05 1.4395e-05 0.00126114
6 0.996964 0.000235537 0.000288222 1.53089e-05 9.5118e-06 0.00248789
6 0.993602 0.000718632 0.00215681 0.000194566 0.000576295 0.00275157
6 0.994589 0.00112514 0.00177273 0.000217861 0.000651356 0.0016441
6 0.992764 0.000649036 0.00349538 0.000102146 9.07182e-05 0.00289882
6 0.991797 0.00134502 0.00324935 0.000245836 0.000412024 0.00295098
6 0.997231 0.000368057 0.000312159 1.5739e-05 1.73532e-05 0.0020557
6 0.999528 0.000259373 4.30604e-05 8.89797e-06 4.76251e-05 0.000112881
6 0.993597 0.00085693 0.00196168 0.000296063 0.000647838 0.00264041
6 0.992926 0.000380762 0.0034414 0.000327336 0.000158361 0.00276595
6 0.999053 0.000292144 0.000192026 3.11963e-05 0.000120813 0.000310513
6 0.990724 0.00163321 0.00488629 0.00167014 0.000318667 0.000767887
6 0.992045 0.000100469 0.00449494 0.000197 4.20919e-05 0.00312075
6 0.993128 0.00115908 0.00236216 0.00015792 0.000429559 0.00276371
6 0.993187 0.000785161 0.00281012 0.000108902 0.00035562 0.00275296
6 0.999431 0.000277021 0.000137135 1.59001e-05 4.00381e-05 9.88063e-05
6 0.991642 0.000598002 0.00600608 0.000899008 3.6926e-05 0.000818135
6 0.991469 0.000602282 0.00625905 0.000702827 0.000230975 0.000735678
6 0.997755 0.000413441 0.000206235 3.57187e-05 0.000131067 0.00145895
6 0.991425 0.000647088 0.00635899 0.00019897 9.71217e-05 0.00127266
6 0.991717 0.000630051 0.0051861 0.00145677 0.000162841 0.000847028
6 0.998553 2.52171e-05 0.000707848 0.000409564 3.62904e-05 0.000267635
6 0.991291 0.000525529 0.00633075 0.000219771 0.000168995 0.00146416
6 0.991881 0.000666301 0.00629383 0.000207299 0.000255485 0.000696015
6 0.992578 0.00142353 0.00253483 0.000263047 0.000389979 0.00281085
0 1.22732e-05 0.886004 5.71344e-05 0.000249707 0.113481 0.000195876
0 0.000550082 0.87388 0.00245422 0.0134784 0.108372 0.00126514
0 0.000181156 0.884721 0.000404872 0.00130109 0.113352 3.93084e-05
0 0.000784371 0.870458 0.0062866 0.0074066 0.107889 0.00717564
0 0.000144449 0.884866 4.65143e-05 0.00149889 0.113361 8.22881e-05
0 0.000266565 0.879864 0.00114833 0.00644027 0.112148 0.000132671
0 0.00280419 0.874141 0.00827488 0.00186342 0.108159 0.00475766
0 0.00301778 0.87236 0.0153338 0.0017499 0.10516 0.00237822
0 0.0004966 0.882016 0.00362397 0.000353963 0.112838 0.000670903
0 0.000129151 0.882798 0.00136335 0.00217823 0.113159 0.000372347
0 0.000417008 0.881289 0.000445648 0.00476985 0.112719 0.000360238
0 0.000531999 0.878999 0.000601392 0.00639566 0.112199 0.00127269
0 0.00171465 0.880465 0.00290884 0.0011593 0.112751 0.00100045
0 0.00063372 0.878875 0.0012037 0.00593412 0.111962 0.00139161
0 0.0126197 0.913846 0.0133099 0.0172974 0.0399284 0.00299858
0 0.000168788 0.880048 0.00528941 0.00190235 0.112279 0.000312353
0 0.000711971 0.882634 9.53677e-05 0.00345442 0.113061 4.34453e-05
0 0.00134764 0.882527 0.000306072 0.00192727 0.113082 0.000809679
0 0.00049104 0.88192 0.000431477 0.00396469 0.112871 0.000322067
0 0.000715929 0.874507 0.00180259 0.0160502 0.106295 0.000629219
0 7.27103e-05 0.884224 9.45594e-05 0.00209372 0.113373 0.000141757
0 0.00705118 0.871043 0.0126957 0.00128963 0.106835 0.00108545
0 0.000883867 0.883588 0.00170456 0.000309791 0.11322 0.00029325
0 0.00013414 0.884928 0.00044781 0.000926643 0.113328 0.000235739
0 0.00220653 0.910462 0.0152772 0.00191622 0.0674082 0.00273003
0 0.00177457 0.896033 0.00574429 0.00127246 0.0754704 0.0197054
0 0.000203032 0.880724 0.00047718 0.00551515 0.112571 0.000509225
0 0.00193191 0.887149 0.0203756 0.00428422 0.074083 0.0121763
0 0.000524236 0.869551 0.00786389 0.0123225 0.106539 0.00319915
0 0.00120681 0.882496 0.000858562 0.00132887 0.113076 0.00103377
0 0.000633527 0.880802 0.00368186 0.000829562 0.11259 0.00146255
0 0.000145529 0.884065 0.000789828 0.000347322 0.113306 0.00134638
0 0.000139116 0.885697 0.000182553 0.000321004 0.113519 0.000141772
0 0.00091068 0.877723 0.010003 0.000655153 0.092959 0.0177488
0 0.00285931 0.873275 0.0089482 0.00300082 0.109834 0.00208299
0 0.000866877 0.87402 0.00169349 0.0149018 0.107264 0.00125336
0 0.00216097 0.879026 0.00354703 0.000907713 0.112407 0.00195158
0 0.000260971 0.876909 0.00533369 0.0053114 0.111301 0.000884057
0 0.000444405 0.8841 0.000168721 0.00145111 0.113347 0.000488359
0 0.00252605 0.878047 0.00408357 0.00162795 0.11193 0.00178506
15 0.00645824 0.00245559 0.986954 0.000884024 0.000823724 0.00242425
15 0.00561427 0.00061842 0.990697 0.00236278 0.000489244 0.000218475
15 0.00499763 0.00217291 0.9882 0.000559934 0.000220503 0.0038493
15 0.00621445 0.000319752 0.9879 0.000992526 0.000200916 0.00437263
15 0.00076799 0.00109123 0.996018 0.000735978 0.000746798 0.000639576
15 0.00150764 0.000777472 0.995061 0.000698596 0.000786126 0.00116922
15 0.00325276 0.000269634 0.991893 0.000929897 9.38674e-05 0.00356049
15 0.00251103 0.000892852 0.993514 0.000659409 0.000966193 0.00145684
15 0.0004676 0.00120292 0.995257 0.00143619 0.000688227 0.000947921
15 0.00232832 0.00102612 0.993737 0.000623116 0.000908546 0.00137714
15 0.00965636 0.000299692 0.986127 0.000730799 0.000167125 0.00301946
15 0.00865272 0.000608475 0.98532 0.000718322 0.000222207 0.004478
15 0.00262259 0.00100661 0.993491 0.000523257 0.000926394 0.00143063
15 0.00966025 0.000439967 0.985503 0.0015245 0.000208019 0.0026645
15 0.00117334 0.00109256 0.995097 0.000425408 0.000827174 0.00138407
15 0.00234927 0.00161787 0.991367 0.000772709 0.00077938 0.0031133
15 0.00282904 0.000936635 0.99368 0.000324671 0.000614821 0.0016145
15 0.00541751 0.000244254 0.990209 0.00012058 2.33862e-05 0.00398554
15 0.0060899 0.00190715 0.987684 0.00107634 0.00192089 0.00132143
15 0.00258318 0.000981352 0.993419 0.000473184 0.00100277 0.0015404
15 0.00479367 0.000116642 0.991358 6.60568e-05 3.57638e-05 0.00362968
15 0.00348662 0.000673449 0.989954 0.0024201 0.000304455 0.00316124
15 0.0048061 0.000388779 0.99112 4.8612e-05 1.29686e-05 0.00362333
15 0.00885414 0.000101593 0.985222 0.00201452 1.24457e-05 0.00379573
15 0.00907018 0.000865424 0.984423 0.00122556 0.000399413 0.00401625
15 0.00042956 0.000723588 0.995198 0.00171934 0.000452875 0.00147637
15 0.00348222 0.00159405 0.990622 0.000708509 0.00101204 0.00258143
15 0.00216591 0.000950938 0.994079 0.000689602 0.000845068 0.00126976
15 0.00912105 0.00191889 0.986816 0.00089641 0.00038112 0.00086639
15 0.00386172 0.000109598 0.991444 0.00227938 2.57597e-05 0.00227967
15 0.00487907 0.000832616 0.989981 0.000506189 4.93841e-05 0.00375138
15 0.00548252 0.00019696 0.989725 0.00234489 0.000165347 0.00208514
15 0.00176501 0.000253195 0.99438 2.69968e-05 4.95826e-05 0.00352489
