labels 6 0 15 20 3 17
6 0.973001 0.0092559 0.0019643 0.000184413 0.0110525 0.00454202
6 0.958822 0.000793101 0.0117173 0.00015409 8.62037e-05 0.0284274
6 0.963124 0.00814787 0.00765898 0.000473381 0.00325941 0.0173359
6 0.977762 0.0012971 0.00144853 0.000137174 0.00443125 0.0149241
6 0.748749 0.00794462 0.211618 0.0231585 0.00166383 0.00686563
20 0.285848 0.0502735 0.294762 0.315959 0.0132538 0.039904
6 0.627293 0.00653131 0.182642 0.00468648 0.00366613 0.175181
6 0.967206 0.000723238 0.00486765 0.00029691 0.000471465 0.0264346
6 0.904973 0.00484203 0.0374194 0.0373999 0.00752046 0.00784524
6 0.954047 0.00296796 0.0137238 0.00010396 0.000261169 0.0288959
6 0.994481 0.000142056 0.00306918 1.4866e-05 7.9313e-05 0.00221314
15 0.282024 0.00146086 0.63418 0.060956 0.00202049 0.0193591
6 0.91533 0.00234287 0.0541807 0.000155882 0.00013104 0.0278599
6 0.979576 0.000706236 0.00076612 9.79537e-05 0.000148027 0.0187062
6 0.975721 0.000834472 0.010278 0.000543024 0.000961292 0.0116617
6 0.999366 7.7217e-05 0.000257822 6.86413e-06 2.29601e-05 0.000269038
6 0.998084 0.000107918 8.89026e-05 7.91577e-06 1.15543e-05 0.00169924
6 0.919536 0.00211801 0.00628566 0.000913126 0.00305912 0.0680883
6 0.938361 0.023688 0.00193158 0.00261779 0.0275269 0.00587512
6 0.979753 0.00192595 0.00545189 0.000129376 0.000273226 0.0124668
6 0.984974 0.00507572 0.00492491 0.000477289 0.00230226 0.00224628
6 0.99659 0.000236929 0.000439651 1.50525e-05 4.71567e-05 0.00267104
6 0.999612 0.000105146 1.95747e-05 3.55736e-06 7.00948e-05 0.000189455
6 0.825561 0.0438686 0.0117856 0.00512459 0.0316875 0.0819723
6 0.971163 0.000288617 0.007106 0.00189048 0.000317016 0.0192344
6 0.998516 0.000393678 0.000186645 2.12222e-05 0.00034233 0.00053985
6 0.799021 0.0421053 0.0912558 0.050366 0.0103114 0.00694083
6 0.908853 0.000216883 0.063727 0.00167119 0.000182405 0.0253499
6 0.897164 0.0326592 0.0154234 0.00128175 0.00897903 0.0444927
6 0.948328 0.00312629 0.00473222 0.000222321 0.00203992 0.0415516
6 0.999504 0.000234255 6.114e-05 4.68359e-05 8.56588e-05 6.78759e-05
6 0.964983 0.00114683 0.0280978 0.00290181 0.000124002 0.00274668
15 0.0744387 0.0128466 0.746602 0.148835 0.00765643 0.00962139
6 0.998187 0.000116864 8.21947e-05 8.66091e-06 8.94583e-05 0.00151601
6 0.864977 0.0013751 0.130407 0.000255408 0.000280315 0.00270483
6 0.532138 0.0156902 0.298127 0.132955 0.00674576 0.0143438
6 0.997532 5.19614e-05 0.00113662 0.000756445 9.31695e-05 0.000430136
15 0.421565 0.00439589 0.535139 0.00663836 0.00289865 0.0293632
6 0.977492 0.0032125 0.0148047 0.000982203 0.00103945 0.00246888
6 0.893683 0.0399635 0.0188991 0.00530519 0.00730828 0.0348409
3 1.34629e-05 0.124482 2.38825e-05 4.31731e-05 0.875397 4.06608e-05
0 0.00233244 0.687079 0.014674 0.0360259 0.244238 0.0156502
3 0.000102129 0.432397 0.000454913 0.00103588 0.565989 2.05018e-05
0 0.00797796 0.687021 0.0397305 0.0431381 0.128405 0.0937281
0 0.000359945 0.717433 0.000154971 0.00288237 0.279043 0.000126783
0 0.000662298 0.585776 0.00367398 0.0381378 0.371278 0.000472135
3 0.0101499 0.420028 0.0273596 0.0112368 0.50579 0.0254363
0 0.0119851 0.70959 0.0210345 0.00313024 0.24755 0.00670971
3 0.00201132 0.380225 0.0566311 0.000423382 0.558633 0.00207597
3 0.000315539 0.460136 0.00539197 0.0124567 0.519372 0.00232802
0 0.000696422 0.753872 0.00178191 0.0152697 0.22762 0.000760168
0 0.00173596 0.542547 0.00548619 0.0172896 0.423855 0.00908629
0 0.0113541 0.519844 0.0243168 0.00321913 0.438358 0.00290783
0 0.00274019 0.642213 0.00460117 0.0154636 0.33132 0.00366221
20 0.0473825 0.224493 0.0798145 0.595864 0.0464017 0.00604368
3 0.000289948 0.360797 0.0335836 0.0102226 0.59474 0.000366396
3 0.0015468 0.47467 0.000316038 0.0106088 0.512716 0.000142821
3 0.00940792 0.441756 0.000682012 0.00920323 0.536268 0.00268308
0 0.000846169 0.63969 0.000599013 0.012531 0.345749 0.000584322
0 0.0106214 0.638835 0.0260691 0.0883298 0.23183 0.00431431
0 2.55727e-05 0.690673 9.59656e-05 0.00792333 0.301188 9.38572e-05
3 0.0266225 0.407325 0.0883915 0.0054929 0.464942 0.00722615
0 0.00273128 0.590659 0.0135338 0.000409867 0.392183 0.000482964
3 6.19113e-05 0.134953 0.000138019 0.000201631 0.864419 0.00022592
0 0.0122566 0.502157 0.246102 0.00983591 0.215879 0.0137696
0 0.00196666 0.486418 0.0139249 0.00283126 0.158581 0.336278
0 0.000335004 0.8271 0.000297165 0.00800075 0.163933 0.000334816
0 0.00421897 0.693904 0.0903952 0.0137222 0.17579 0.0219693
0 0.000677576 0.88616 0.00799447 0.0341362 0.0607834 0.0102488
0 0.00813489 0.489872 0.00593836 0.00510858 0.489168 0.00177783
0 0.00438175 0.536126 0.0482624 0.00630026 0.398957 0.00597221
0 0.000529163 0.809442 0.00240919 0.000685735 0.182763 0.00417015
3 0.000101384 0.370248 8.16699e-05 9.5655e-05 0.629371 0.0001024
0 0.00585614 0.573732 0.063202 0.00550294 0.26903 0.0826769
0 0.01571 0.626801 0.0527918 0.0133417 0.281678 0.00967807
0 0.012425 0.547194 0.0178144 0.133665 0.254471 0.0344306
0 0.00762639 0.679978 0.018976 0.00127347 0.286136 0.00601009
3 0.000792407 0.436665 0.0284644 0.050539 0.478425 0.00511371
3 0.000965543 0.20232 0.000238884 0.00218602 0.793863 0.000426672
0 0.00790158 0.582788 0.01445 0.00402513 0.385103 0.00573225
15 0.0250934 0.0688285 0.852432 0.0111729 0.0178214 0.0246523
15 0.00764791 0.00146264 0.55595 0.430219 0.00363515 0.00108513
15 0.0271257 0.114917 0.704393 0.00574868 0.00491162 0.142905
15 0.0739068 0.00132909 0.600392 0.00424549 0.00182888 0.318298
15 0.000544689 0.0148042 0.948336 0.014601 0.0203044 0.00140963
15 0.000759854 0.027354 0.829886 0.00187888 0.137225 0.002896
17 0.00158504 0.000485643 0.383286 0.00322522 0.000132445 0.611286
15 0.00291425 0.0094429 0.924308 0.00131111 0.0548171 0.00720629
20 0.00142762 0.220271 0.218827 0.449827 0.0988397 0.0108088
15 0.0030865 0.00914119 0.924039 0.00183955 0.0549634 0.00693007
6 0.624423 0.000923582 0.143021 0.0410042 0.000903958 0.189724
6 0.797698 0.00480656 0.114907 0.00601038 0.00260357 0.0739748
15 0.00789656 0.0144363 0.847153 0.00207263 0.119095 0.0093464
6 0.484381 0.00988536 0.330869 0.0443576 0.00509179 0.125415
15 0.00162757 0.0285272 0.837926 0.0013273 0.121919 0.00867222
17 0.0127018 0.163033 0.350663 0.0189155 0.103875 0.350812
15 0.0028506 0.000921291 0.990548 0.000516991 0.00143774 0.00372494
17 0.109893 0.00402615 0.417322 0.0037256 0.00213907 0.462894
15 0.0994045 0.192821 0.402098 0.0653633 0.223448 0.0168647
15 0.00882619 0.00742683 0.925989 0.00104872 0.0398524 0.0168573
17 0.0156666 0.000701684 0.299438 0.000207017 0.000265005 0.683722
15 0.00992829 0.00126758 0.949671 0.0112808 0.0015866 0.0262661
17 0.0880542 0.00775343 0.168198 0.00586124 0.00367453 0.726458
15 0.0340551 0.000207875 0.926631 0.0231335 8.19504e-05 0.0158906
15 0.301191 0.0231962 0.43915 0.0258538 0.00630977 0.2043
15 0.00126468 0.0116933 0.703198 0.251352 0.0164729 0.0160198
0 0.0681165 0.399684 0.310235 0.0242995 0.090721 0.106943
15 0.00245401 0.0576864 0.867038 0.00402092 0.061073 0.00772798
15 0.153864 0.0527954 0.76032 0.0203108 0.00822944 0.00447986
15 0.00863041 0.000193187 0.954633 0.0230804 6.74457e-05 0.0133953
17 0.0485637 0.0257973 0.386482 0.00327582 0.000954011 0.534927
15 0.0145772 0.000639669 0.801522 0.0797582 0.00105973 0.102443
15 0.00217386 0.00116312 0.612865 7.2519e-05 0.000267446 0.383458
6 0.822728 0.000911222 0.108849 0.00388822 0.00089489 0.0627285
15 0.00899238 0.0174984 0.924124 0.00570353 0.0280487 0.0156333
3 0.0387635 0.0949066 0.182538 0.310188 0.323155 0.0504483
15 0.00779625 0.00537561 0.977509 0.00278636 0.00366909 0.0028637
20 0.00190354 0.0467849 0.0716316 0.82116 0.0578256 0.000694172
15 0.00131276 0.00207316 0.962975 0.0234127 0.0066414 0.00358535
15 0.008475 0.000361326 0.865947 0.00151182 4.5058e-05 0.12366
3 0.00231834 0.0606431 0.00273177 0.203688 0.729461 0.0011576
20 0.00865394 0.00100625 0.0692836 0.902372 0.00566415 0.0130197
20 0.0111622 0.0381764 0.00391829 0.855793 0.0905868 0.000362901
20 0.00204516 0.0310938 0.171297 0.771491 0.0219163 0.00215675
20 0.0043494 0.0504787 0.00277037 0.927867 0.0142667 0.000268239
20 0.00289883 0.000529013 0.157748 0.837888 0.000784163 0.000152464
20 0.00630594 0.00731666 0.00996404 0.956082 0.0191614 0.00117042
20 0.0188336 0.261513 0.106906 0.464284 0.117472 0.0309909
20 0.0444197 0.0154537 0.0287153 0.895951 0.0143996 0.0010609
20 0.00711981 0.120623 0.0430548 0.776743 0.0463231 0.00613642
20 0.00188635 0.000782973 0.00209356 0.994812 0.000372113 5.26786e-05
20 0.000559157 0.0010959 0.000693718 0.994937 0.00261052 0.000103408
20 0.000601118 0.001367 0.00701365 0.988648 0.00220134 0.000168444
20 9.42964e-05 0.00991322 0.00125029 0.988137 0.000563439 4.22512e-05
20 0.00562402 0.00664687 0.298295 0.675834 0.0085142 0.00508637
20 0.00777234 0.0123957 0.416775 0.523083 0.0123397 0.0276345
20 0.000416912 0.000662999 0.0231624 0.972729 0.00282828 0.000200498
20 0.00297219 0.00312659 0.0235157 0.965307 0.00483039 0.000248034
20 0.00630642 0.208351 0.0946999 0.631447 0.0547687 0.00442654
20 0.0187899 0.00236364 0.00559894 0.967065 0.00606596 0.000116398
20 0.0318241 0.00122826 0.0797085 0.88521 0.0014976 0.000531586
20 0.00326793 0.00554366 0.00204931 0.955126 0.0331428 0.000870146
20 0.000158801 0.0192136 0.000625329 0.972265 0.00760562 0.000131912
20 0.0146184 0.0586716 0.0530525 0.768159 0.104008 0.00149029
20 0.125052 0.0106241 0.353948 0.426819 0.023744 0.0598134
20 0.00167665 0.00126544 0.00797912 0.982899 0.00614172 3.83469e-05
20 0.00977264 0.0133688 0.00488844 0.760842 0.210312 0.000815975
20 0.0098995 0.0110851 0.00485992 0.942146 0.0318687 0.000141209
15 0.0033747 0.0271494 0.533213 0.418819 0.0162782 0.00116601
20 0.00220853 0.0710587 0.0312443 0.641956 0.251352 0.00218015
20 0.000992186 0.00568825 0.033981 0.945182 0.0137976 0.000358957
20 1.08177e-05 0.000595742 0.000730011 0.99621 0.00243624 1.73531e-05
20 0.0107524 0.0715441 0.0143214 0.780387 0.12126 0.00173489
20 0.0184736 0.0686408 0.0282586 0.581304 0.300261 0.00306182
20 0.000962398 0.0260664 0.012571 0.93496 0.0249563 0.000484235
20 0.0359264 0.0856606 0.196378 0.560607 0.0972872 0.0241414
20 0.0227397 0.167273 0.0624673 0.698582 0.0414023 0.00753568
20 0.00623096 0.0160958 0.0790103 0.886253 0.0112708 0.00113896
20 4.36137e-05 0.000396349 0.00218123 0.996355 0.00100457 1.94092e-05
20 0.00145376 0.00776254 0.0229366 0.931585 0.0351914 0.00107036
3 9.49441e-05 0.380166 0.000105763 0.00150633 0.61799 0.000136999
3 0.00422465 0.231067 0.0110638 0.190009 0.55986 0.00377523
3 0.00130427 0.0517208 0.00181189 0.00202894 0.942944 0.000189816
3 0.00465637 0.342337 0.00871898 0.0544956 0.573129 0.0166632
3 4.23111e-05 0.379675 6.56217e-05 0.00313873 0.617024 5.50269e-05
3 0.0031603 0.159944 0.114835 0.0292948 0.687788 0.00497723
0 0.0233021 0.394082 0.109654 0.166464 0.224286 0.0822119
3 0.00482233 0.195218 0.00974106 0.00282331 0.785516 0.0018787
3 9.97769e-05 0.220125 6.11113e-05 0.00050272 0.779177 3.45139e-05
3 0.00444456 0.14228 0.00277105 0.00874609 0.833247 0.0085118
3 0.000754259 0.208953 0.00116866 0.0615459 0.726426 0.00115274
3 0.00746089 0.168064 0.00177838 0.00126094 0.802137 0.0192987
0 0.000732346 0.805747 0.0310253 0.0103928 0.141418 0.0106846
3 0.00094901 0.258539 0.0082889 0.0462951 0.685172 0.000756419
3 0.000667969 0.313624 0.0117529 0.0253247 0.622689 0.025941
0 0.000957989 0.555217 0.000603923 0.0124082 0.430354 0.000459139
0 0.00253602 0.670065 0.0325905 0.0503994 0.239213 0.00519613
0 0.000982299 0.774678 0.000939828 0.000875564 0.220138 0.00238661
3 0.000517511 0.260744 0.000673046 0.000414712 0.736626 0.0010247
0 0.000193279 0.632105 0.00025206 0.0243051 0.343035 0.000108989
3 0.00020901 0.176486 0.000481105 0.000415359 0.817968 0.00444102
3 0.00157722 0.264811 0.00224107 0.0326511 0.687095 0.0116244
3 0.0106495 0.361675 0.0184665 0.0450043 0.452169 0.112035
0 0.00028856 0.714244 0.00266619 0.00122055 0.280687 0.000894334
3 0.000142902 0.409999 0.000588143 0.0152197 0.573583 0.000466758
3 0.00765916 0.11366 0.0365157 0.184794 0.649149 0.00822169
3 9.26955e-05 0.199951 0.000477177 0.00113384 0.798019 0.000326775
3 0.00354853 0.139476 0.286825 0.0366408 0.483662 0.0498475
3 0.000345661 0.35743 0.000593071 0.00297189 0.638138 0.000521279
3 0.00239342 0.0425678 0.00146663 0.065247 0.887745 0.000579756
3 0.000498405 0.219644 0.000169387 0.00130015 0.778255 0.000132922
3 0.00187669 0.290475 0.000534767 0.0137662 0.691828 0.00151942
3 0.00294178 0.444728 0.00288925 0.00210886 0.469736 0.0775961
3 0.00365358 0.255656 0.0259232 0.0332561 0.676069 0.00544233
3 0.00228375 0.178591 0.0564593 0.0111117 0.747136 0.00441821
3 0.00388995 0.257687 0.0924554 0.00371999 0.634972 0.00727621
3 0.000987715 0.265428 0.000272679 0.00109809 0.731248 0.000965524
3 0.000161235 0.195897 0.000344851 0.014438 0.789082 7.65795e-05
3 0.000343846 0.470528 0.000285548 0.00260165 0.526034 0.000206236
3 0.00106279 0.217282 0.000411429 0.00130003 0.779229 0.000715517
17 0.0313841 0.0237123 0.111543 0.00604961 0.00398789 0.823323
17 0.0998193 0.0534769 0.31948 0.00925032 0.0291439 0.488829
17 0.0103698 0.0113664 0.0252469 8.09503e-05 0.00219527 0.950741
17 0.0406864 0.015369 0.46034 0.00534046 0.00128473 0.47698
17 0.0048777 3.4486e-05 0.00327827 3.34488e-05 1.07259e-05 0.991765
17 0.0542462 0.000630848 0.0540205 0.00039567 0.000198845 0.890508
17 0.0508596 0.00114292 0.0173872 0.000170121 0.000721044 0.929719
6 0.623847 0.000808196 0.00647925 5.2367e-05 5.53907e-05 0.368758
17 0.00905793 0.0362256 0.0536343 0.0109746 0.0208429 0.869265
15 0.190781 0.0516754 0.522086 0.00998706 0.00647363 0.218997
17 0.0661535 0.000365939 0.239157 0.000614991 1.99e-05 0.693689
0 0.0421708 0.38627 0.168957 0.0121381 0.0226941 0.36777
17 0.267585 0.0399156 0.0569843 0.00223245 0.015411 0.617871
17 0.0229042 0.0697139 0.0964136 0.00810556 0.00336487 0.799498
17 0.0125205 0.000461181 0.02808 4.89323e-05 5.00537e-05 0.958839
17 0.407605 0.00054914 0.0517659 0.000315826 4.57164e-05 0.539718
17 0.131389 0.00339879 0.24681 0.00282802 0.00183293 0.613741
17 0.376807 0.0610366 0.0924775 0.0094348 0.0090311 0.451213
17 0.00475226 0.0167862 0.112314 0.00127095 0.000336635 0.86454
17 0.0102568 0.0278417 0.0483954 0.0015233 0.0294905 0.882492
15 0.0187142 0.00225896 0.53691 0.00232804 0.00033846 0.43945
17 0.00206273 0.000666301 0.0878726 4.46089e-05 5.91919e-05 0.909295
15 0.187564 0.0837208 0.459924 0.00535493 0.00359987 0.259836
17 0.10009 0.000866742 0.0374321 0.000417005 0.000135479 0.861058
17 0.0142236 0.00351336 0.00207821 0.000441528 0.00521928 0.974524
17 0.245879 0.0506233 0.0286233 0.00664727 0.0854161 0.582811
17 0.0821899 0.0680886 0.0144859 0.00336096 0.0316493 0.800225
17 0.00924621 0.000499091 0.0853087 9.27573e-05 7.79291e-05 0.904775
17 0.0134559 0.0448547 0.153783 0.00918714 0.0128064 0.765913
17 0.0325223 0.000218705 0.0119007 5.90069e-05 1.98467e-05 0.955279
17 0.00946268 0.000652998 0.0143611 8.1676e-05 7.07716e-05 0.975371
17 0.00437173 0.000111438 0.00212631 1.26326e-05 1.01728e-05 0.993368
17 0.0229837 0.00836712 0.00675958 0.00221607 0.0254797 0.934194
17 0.0523242 0.00237489 0.18467 0.0010974 0.000877088 0.758656
17 0.0333486 0.00322517 0.0546166 0.0462501 0.00140619 0.861153
17 0.0720665 0.00877758 0.120222 0.0110048 0.00292528 0.785004
6 0.427022 0.16281 0.294065 0.00623964 0.0132452 0.0966179
17 0.159062 0.00713918 0.11418 0.00474741 0.00410184 0.710769
17 0.00148697 0.0500637 0.122723 0.0530012 0.00615844 0.766567
17 0.0702068 0.00273901 0.284244 0.0020411 0.00106338 0.639706
