labels 6 0 15 20 3 17
6 0.973518 0.00153253 0.0147928 0.00381406 0.000803324 0.00553954
6 0.966682 0.00960402 0.0110471 0.000285398 0.00110091 0.0112803
6 0.946192 0.011135 0.0126031 0.000391228 0.00110067 0.0285784
6 0.952453 0.0023661 0.0314401 0.00407673 0.00132146 0.00834274
6 0.957988 0.00271511 0.00714715 0.00133559 0.00307029 0.0277443
6 0.984399 0.00171256 0.00590639 0.00675315 0.000532159 0.000696587
6 0.955828 0.00143085 0.00768136 0.00320211 0.00357583 0.0282819
6 0.928478 0.00499324 0.0351532 0.000529023 0.00145516 0.029391
6 0.935513 0.0041768 0.0391926 0.000723435 0.0013681 0.0190262
6 0.946143 0.00425376 0.0198141 0.000611557 0.000300632 0.0288766
6 0.926512 0.00209265 0.0355082 0.0123021 0.00112803 0.0224574
6 0.93659 0.00212014 0.0246692 0.00532664 0.00194605 0.0293475
6 0.933267 0.00425468 0.0299631 0.000927868 0.000951476 0.0306355
6 0.97658 0.00514333 0.0112928 0.00247767 0.00243567 0.00207098
6 0.999173 0.000178426 0.000468816 3.45367e-06 1.85761e-05 0.000157703
6 0.952397 0.00761739 0.00258388 0.00809406 0.00738435 0.0219234
6 0.939356 0.00246432 0.0387346 0.00438455 0.00152603 0.0135344
6 0.933047 0.00358192 0.0305658 0.00178516 0.000449641 0.0305701
6 0.941627 0.00384975 0.0235527 0.000438295 0.000817699 0.0297144
6 0.979201 0.00139918 0.00726998 0.000807351 0.000860567 0.0104622
6 0.965718 0.000318339 0.00509532 0.000298042 0.000202709 0.0283672
6 0.935598 0.00462941 0.0397633 0.000662746 0.00180015 0.0175466
6 0.943678 0.00867273 0.0124911 0.00125967 0.00465708 0.0292413
6 0.93178 0.00978023 0.0235125 0.00177171 0.00313846 0.0300175
6 0.993198 0.00126785 0.00128683 0.00146706 0.000169081 0.00261143
6 0.99591 0.000533964 0.000194766 0.00109172 6.83951e-05 0.00220165
6 0.94903 0.00274441 0.0189228 0.000762946 0.000397066 0.0281429
6 0.963526 0.00768072 0.00756595 0.00383848 0.00757166 0.00981761
6 0.991124 0.000345057 0.000611574 0.00600257 0.000865763 0.00105062
6 0.942913 0.0144269 0.0111734 0.000364112 0.00477698 0.0263454
6 0.966863 0.0014295 0.00259789 0.000644642 0.000877647 0.0275874
6 0.924592 0.013234 0.0353798 0.00551215 0.00203732 0.0192443
6 0.971494 0.00410479 0.00212536 0.000168814 0.000394583 0.0217124
6 0.987575 0.000467799 0.00477675 0.00379024 0.00145425 0.00193557
6 0.992827 0.00368616 0.000666529 1.11889e-05 0.000457183 0.00235206
6 0.953089 0.00445682 0.0214438 0.00858423 0.00145494 0.0109708
6 0.951003 0.00172222 0.0189074 0.000201931 0.000170834 0.0279944
6 0.980051 0.00219211 0.000625751 0.000249065 0.000497073 0.0163848
6 0.947345 0.00409833 0.0192762 0.000581294 0.000607239 0.0280915
6 0.973803 0.00563781 0.00345539 0.000583545 0.00443701 0.0120831
0 0.00914428 0.949783 0.0145962 0.00494674 0.00789052 0.0136396
0 0.0117723 0.820297 0.00839377 0.000682636 0.155254 0.00360113
0 0.000844113 0.710541 0.000259579 0.00110051 0.286937 0.000317347
0 0.00203588 0.710081 0.000312251 0.000188959 0.286812 0.000569792
0 0.00586154 0.737467 0.0632219 0.0077624 0.17161 0.0140773
0 0.00965319 0.689122 0.00774671 0.00580092 0.275772 0.0119056
0 0.0092569 0.741331 0.0222889 0.0580146 0.159791 0.00931781
0 0.00139694 0.699235 0.00610972 0.00423399 0.282668 0.00635677
0 0.000948357 0.703489 0.00384624 0.00396365 0.284461 0.00329246
0 0.00286491 0.770739 0.0125976 0.00118895 0.195681 0.0169281
0 0.0546913 0.681411 0.0550348 0.0052648 0.164033 0.0395657
0 0.00457834 0.802536 0.0127363 0.0158048 0.150328 0.014016
0 0.000520851 0.705276 0.00313042 0.00488094 0.284862 0.00132935
0 0.00393442 0.682428 0.0147434 0.0308276 0.264284 0.00378269
0 0.00100085 0.693225 0.00424653 0.0257065 0.274765 0.00105599
0 0.0128462 0.744825 0.0284514 0.0553813 0.147456 0.0110403
0 0.00139242 0.703223 0.00507445 0.00073123 0.283821 0.00575803
0 0.000414244 0.697474 0.0105981 0.00662205 0.281521 0.00337024
0 0.00118486 0.697869 0.00431733 0.00968191 0.281662 0.00528515
0 0.00720295 0.690317 0.00737307 0.016677 0.276908 0.00152202
0 0.05294 0.731483 0.0177513 0.00346884 0.145492 0.0488648
0 0.00442392 0.717823 0.00624856 0.00186555 0.258236 0.0114028
0 0.000899245 0.708177 9.70788e-05 0.00414919 0.286094 0.000583788
0 0.0560382 0.675612 0.00983706 0.00950039 0.231478 0.0175347
0 0.000608873 0.70287 0.00809796 0.00105169 0.284069 0.00330311
0 0.00164513 0.702761 0.0027434 0.00665145 0.283671 0.00252791
0 0.000185293 0.710286 0.00160531 0.000798364 0.286741 0.000383146
0 0.0104551 0.695048 0.0120039 0.000601356 0.276617 0.00527458
0 0.00223377 0.705235 0.000297225 0.00445537 0.284926 0.00285243
0 0.00260121 0.705736 0.00110934 0.000286568 0.284967 0.00529899
0 0.0172337 0.865157 0.0170306 0.00255629 0.0856613 0.0123607
0 0.000720292 0.689393 0.00812811 0.0209207 0.273259 0.00757864
0 0.00393181 0.768353 0.00816142 0.00530932 0.161136 0.0531088
0 0.0075575 0.712795 0.0657048 0.00488628 0.192372 0.0166847
0 0.00312706 0.841207 0.0173032 0.0301347 0.102999 0.00522908
0 0.00327497 0.739359 0.0122973 0.00896139 0.234475 0.00163267
0 0.00165658 0.699928 0.00338133 0.0124207 0.281709 0.000904036
0 3.97734e-05 0.757907 0.000334924 0.00249249 0.239153 7.31486e-05
0 0.0246913 0.730836 0.028574 0.00143998 0.180709 0.0337502
0 0.00112545 0.699926 0.00575505 0.00438459 0.282322 0.0064868
15 0.032201 0.00748222 0.93784 0.00227428 0.00170995 0.0184927
15 0.00222544 0.0137797 0.960277 0.00663443 0.0150132 0.00207027
15 0.011692 0.0012556 0.980558 0.00202181 0.000404726 0.00406765
15 0.02092 0.00118193 0.962678 0.00961164 0.00373884 0.0018691
15 0.00859692 0.0154036 0.954502 0.00384284 0.0124684 0.00518637
15 0.00648511 0.00950271 0.960823 0.0022754 0.0168403 0.00407371
15 0.0120922 0.00353478 0.957004 0.00160819 0.00883479 0.016926
15 0.0285337 0.00648547 0.93924 0.0134881 0.00672178 0.00553093
15 0.000874816 0.0142205 0.962084 0.00175232 0.013682 0.00738633
15 0.0343029 0.00571025 0.931559 0.0107165 0.00107119 0.0166399
15 0.0236244 0.0026432 0.94406 0.00370254 0.00168945 0.0242807
15 0.03013 0.00496688 0.945661 0.00348207 0.00185981 0.0138998
15 0.0168248 0.0157866 0.933431 0.00462027 0.00740216 0.021935
15 0.0420843 0.00158416 0.944722 0.00661783 0.000467617 0.00452398
15 0.0233808 0.000537343 0.948045 0.00303061 0.000696135 0.0243104
15 0.012388 0.00335144 0.964522 0.00217996 0.00952939 0.00802934
15 0.00489296 0.00176242 0.962019 0.0100001 0.000271272 0.0210539
15 0.0057686 0.00876504 0.961733 0.00478554 0.0167945 0.00215345
15 0.0267971 0.000392691 0.941431 0.00574207 0.00020395 0.0254332
15 0.0224449 0.00589772 0.93865 0.00518546 0.00386482 0.0239572
15 0.0392217 0.00414336 0.935402 0.00479644 0.0140306 0.00240558
15 0.03582 0.00771497 0.931822 0.012774 0.0078532 0.00401594
15 0.00645858 0.00304487 0.95089 0.00970198 0.00738358 0.0225214
15 0.0196827 0.00258462 0.965796 0.00854342 0.00157955 0.00181334
15 0.00975373 0.0122897 0.946018 0.00281198 0.018151 0.0109759
15 0.0328454 0.00179337 0.935515 0.00308758 0.000788925 0.0259695
15 0.0227307 0.0101867 0.941863 0.0131628 0.00400637 0.00805037
15 0.0281636 0.00103916 0.946334 0.0119994 0.00273759 0.00972622
15 0.0312791 0.00445776 0.92379 0.0129904 0.00912467 0.0183577
15 0.0119126 0.00328549 0.973655 0.00116694 0.00809083 0.00188871
15 0.00236343 0.0142322 0.966597 0.00236457 0.0140211 0.000421915
15 0.0213392 0.0066869 0.941946 0.00312974 0.00346717 0.0234315
15 0.0403962 0.000571138 0.942899 0.000237159 4.61142e-05 0.0158504
15 0.00073032 0.00850071 0.969437 0.00376308 0.0160134 0.00155581
15 0.0392649 0.00357716 0.933522 0.000139443 0.000102037 0.0233948
15 0.0420008 0.0010085 0.934997 0.00482551 0.000803573 0.0163648
15 0.00792052 0.0139428 0.957452 0.00294959 0.0156631 0.00207185
15 0.000404645 0.000523078 0.992105 0.00189504 0.000202318 0.00486953
15 0.0125545 0.0151433 0.940433 0.00517177 0.0131471 0.0135506
15 0.0422274 0.00237712 0.936774 0.00238402 0.000107582 0.0161302
20 0.000594788 0.010759 0.00996199 0.965915 0.0121619 0.000607361
20 0.00733001 0.00435369 0.00720304 0.977321 0.00223353 0.00155859
20 0.000501452 0.00749323 0.00793497 0.977802 0.00612124 0.000147397
20 0.0126963 0.00684631 0.00472075 0.95496 0.0189757 0.00180065
20 0.00868677 0.00411112 0.00863118 0.9682 0.00766621 0.0027046
20 0.00936668 0.00857902 0.010616 0.960114 0.0100934 0.0012308
20 0.00482003 0.00165069 0.00921998 0.973781 0.0103995 0.000129281
20 0.000849184 0.00071545 0.00294124 0.994786 0.000518154 0.000190089
20 0.00303553 0.00614099 0.0089832 0.97048 0.00997443 0.00138589
20 0.00538337 0.00101798 0.00891979 0.983329 0.00095512 0.000394897
20 0.00453744 0.0065008 0.00895604 0.9733 0.00624967 0.000456351
20 0.00222669 0.0125866 0.00502486 0.967057 0.0113396 0.00176509
20 0.000519029 0.00764433 0.00206807 0.979095 0.0103194 0.000353732
20 0.00244464 0.00561517 0.00858735 0.979521 0.00269052 0.00114154
20 0.00154524 0.0106961 0.00993111 0.963617 0.0120241 0.00218652
20 0.000916504 0.00506598 0.00876769 0.974451 0.0102504 0.000547965
20 0.00758347 0.0119126 0.00218721 0.96036 0.017241 0.000715682
20 0.000335288 0.0024967 0.00437498 0.985718 0.0069364 0.00013907
20 0.00186404 0.00190372 0.00135778 0.971603 0.019033 0.00423891
20 0.00829893 0.00718476 0.00862954 0.958596 0.0102261 0.00706518
20 0.00585611 0.00927623 0.0100879 0.956041 0.0184061 0.000333112
20 0.00263806 0.00332941 0.00210958 0.986547 0.00361747 0.00175887
20 0.0087699 0.00613166 0.0091516 0.962191 0.0115378 0.00221802
20 0.0127627 0.00268527 0.0086534 0.957538 0.0154341 0.00292688
20 0.0107217 0.000469494 0.00766468 0.980025 0.00093062 0.000188591
20 0.000240624 0.01229 0.000957126 0.975049 0.0112442 0.000219017
20 0.00674137 0.00914103 0.00513208 0.966587 0.00615782 0.00624036
20 0.00894723 0.006446 0.00456227 0.971979 0.00304331 0.00502213
20 0.0131131 0.00673775 0.00529827 0.95797 0.0132207 0.00366045
20 0.00399157 0.00954555 0.00970962 0.969179 0.00546086 0.00211329
20 0.0116921 0.00730266 0.00653971 0.954714 0.017374 0.00237754
20 0.00013284 0.00178961 0.003576 0.978153 0.0159701 0.000378829
20 0.0010037 0.00443105 0.00522898 0.969264 0.0195385 0.000533563
20 0.00266672 0.0115574 0.00126319 0.981081 0.00241171 0.00102041
20 0.00175119 0.00936007 0.0026944 0.965468 0.0202919 0.000434204
20 0.000941257 0.0122826 0.00812129 0.9667 0.0105967 0.00135818
20 0.0105963 0.000346687 0.00191608 0.984573 0.00248834 7.92588e-05
20 0.0099953 0.000112173 0.00687833 0.980214 0.000863241 0.00193668
20 0.0049229 0.000608241 0.00803095 0.984219 0.00158917 0.000629838
20 0.00564318 0.00687471 0.00915793 0.975289 0.00150954 0.00152541
3 0.00353948 0.0799882 0.0320602 0.0148059 0.863492 0.00611445
3 0.0153933 0.132297 0.0553076 0.0232271 0.762968 0.0108063
3 0.0101642 0.150336 0.063813 0.00689478 0.741742 0.0270506
3 0.00201199 0.283206 0.00804096 0.00797834 0.697678 0.00108497
3 0.00614586 0.0445859 0.0150996 0.02579 0.906686 0.00169277
3 0.00073767 0.285219 0.000477112 0.0098919 0.70332 0.000354186
3 0.00545361 0.16916 0.0670095 0.00922309 0.738576 0.0105779
3 0.00101467 0.285834 0.00425292 0.00245441 0.70515 0.0012935
3 0.000594993 0.199682 0.000624829 0.000919597 0.797795 0.000383051
3 0.00128321 0.283067 0.00440668 0.0103476 0.699318 0.00157695
3 0.000661494 0.111309 0.00035977 0.00110459 0.884417 0.00214852
3 0.000588072 0.285899 0.0002984 0.00727441 0.705008 0.000932913
3 0.000690542 0.247852 0.00247322 0.00216197 0.745718 0.00110434
3 0.000894949 0.285215 0.00524276 0.00478652 0.703151 0.000709719
3 0.000143172 0.277378 0.0069262 0.0235555 0.689268 0.0027292
3 0.00111168 0.248485 0.00142217 0.047887 0.700045 0.00104953
3 0.0398706 0.220658 0.00867879 0.00577804 0.678174 0.0468402
3 0.000896752 0.245292 0.00158339 0.00551309 0.743247 0.00346818
3 0.00460173 0.285883 0.00053104 0.00204793 0.706161 0.000775668
3 0.00104748 0.0765421 0.00467821 0.0125243 0.902225 0.0029826
3 3.86499e-05 0.287441 0.000305979 0.00068577 0.709049 0.00247954
3 0.000306324 0.234588 0.00202841 0.011559 0.750002 0.00151647
3 0.00293669 0.285153 0.00536339 0.00327807 0.702903 0.000366297
3 0.00101916 0.278554 0.0157348 0.00134382 0.692139 0.011209
3 6.95767e-05 0.288114 0.000166823 0.000367667 0.710981 0.000300387
3 0.00348209 0.273247 0.00744544 0.0262654 0.684003 0.00555784
3 0.00318857 0.0287842 0.000281969 0.000431234 0.966475 0.000838868
3 0.00688999 0.233806 0.0178638 0.0114006 0.6785 0.0515398
3 0.00929993 0.251665 0.00510171 0.00268192 0.724392 0.00685908
3 0.00579034 0.182239 0.0667864 0.0100253 0.713595 0.0215636
3 0.000156336 0.280469 0.0183873 0.000127774 0.696719 0.004141
3 0.00897717 0.135159 0.0548906 0.0107633 0.774324 0.015886
3 0.00137636 0.0629095 0.0107553 0.0298725 0.892966 0.00212072
3 0.00210196 0.280315 0.00844906 0.00981183 0.693301 0.00602041
3 0.00383681 0.0910413 0.0185364 0.041023 0.840173 0.00538915
3 0.000136934 0.28753 0.00127482 0.00159331 0.709212 0.000252685
3 0.00907711 0.14599 0.0597729 0.0151302 0.757681 0.012348
3 7.11695e-05 0.232548 5.76527e-05 0.000420849 0.766847 5.60212e-05
3 0.000794512 0.149198 0.000996148 0.0140298 0.834084 0.000897605
3 0.00541432 0.197119 0.0244207 0.069235 0.698109 0.00570202
17 0.00703177 0.0109078 0.0161238 0.00331725 0.0110262 0.951593
17 0.0183442 0.0106714 0.00775637 0.000820989 0.0106928 0.951714
17 0.00231944 0.0056453 0.00262984 0.00127649 0.00499902 0.98313
17 0.0215483 0.00640561 0.0134009 0.00256146 0.00608879 0.949995
17 0.0127819 0.0141722 0.00889312 0.00122055 0.00761341 0.955319
17 0.00859005 0.00413088 0.0242022 0.00969256 0.00245759 0.950927
17 0.00475979 4.02603e-05 0.0138915 0.000583301 1.82101e-05 0.980707
17 0.0186546 0.0026418 0.0265759 0.000349125 0.000100514 0.951678
17 0.00734947 0.00744612 0.0132715 0.000122576 0.00470744 0.967103
17 0.0115043 0.000266933 0.0268604 5.72641e-05 6.27649e-05 0.961248
17 0.0160885 0.0129623 0.0125299 0.000636524 0.0115208 0.946262
17 0.0186916 0.00843073 0.0266299 0.00147969 0.00165804 0.94311
17 0.0224878 0.00056435 0.0209312 6.93592e-05 2.95707e-05 0.955918
17 0.013142 0.00455695 0.0272277 0.00331359 0.00262963 0.94913
17 0.0120653 0.00628798 0.0270883 0.00144036 0.000360249 0.952758
17 0.0110529 0.00949986 0.0129625 0.00256728 0.00970636 0.954211
17 0.00951056 0.0161796 0.0237411 0.00319338 0.00392804 0.943447
17 0.00980675 0.0159021 0.0115172 0.000954927 0.00825103 0.953568
17 0.0213936 0.00155762 0.0189295 9.22171e-05 0.00017706 0.95785
17 0.00477715 0.00205669 0.0218878 4.81118e-05 0.000116476 0.971114
17 0.007789 0.00288682 0.00502747 4.45176e-05 0.000305629 0.983947
17 0.0222825 0.00599962 0.0175806 0.000660515 0.00035496 0.953122
17 0.00114565 0.00012041 0.00178384 5.35111e-05 2.64916e-05 0.99687
17 0.0152101 0.0032975 0.027242 0.000315939 0.000400305 0.953534
17 0.0223298 0.000133653 0.0220155 5.05097e-05 2.27748e-05 0.955448
17 0.00150779 0.000107499 0.00659323 1.32589e-05 8.98833e-06 0.991769
17 0.0210121 0.00106217 0.0150993 0.00190934 0.000316947 0.9606
17 0.0221702 0.00777908 0.0169528 0.00232839 0.00154465 0.949225
17 0.0104698 0.0163056 0.00192517 0.00138893 0.00307494 0.966836
17 0.00452397 0.0105241 0.0106118 0.00204243 0.00930266 0.962995
17 0.000268121 0.000595254 0.0167181 2.90886e-05 5.51911e-05 0.982334
17 0.0122179 0.00594992 0.0270548 0.00344987 0.00209631 0.949231
17 0.00843633 0.00449215 0.0267964 0.00189436 0.000571161 0.95781
17 0.00704014 0.000595029 0.00636959 1.89625e-05 0.000187703 0.985789
17 0.0116292 0.0105125 0.0274184 0.00123417 0.0030338 0.946172
17 0.00798222 0.00327587 0.0251345 0.00215594 0.00407816 0.957373
17 0.0212333 0.00429137 0.0247892 0.00222023 0.000620593 0.946845
17 0.00105079 0.0116353 0.0119071 9.66759e-05 0.00701722 0.968293
17 0.0202483 0.0093194 0.00207166 0.000940868 0.0051843 0.962235
17 0.0086744 0.00136483 0.000546537 1.57323e-05 0.00116471 0.988234
6 0.9478 0.00319921 0.038666 0.00380625 0.00126002 0.00526899
6 0.994489 0.000269023 0.0033326 9.38475e-06 0.000148521 0.00175176
6 0.94282 0.00995059 0.00851905 0.00394863 0.00896267 0.0257995
6 0.970474 0.000403636 0.0212516 0.000446332 0.00132221 0.00610217
6 0.935231 0.00383175 0.0295685 0.000502595 0.000248593 0.0306173
6 0.959309 0.00906281 0.00888493 0.0032617 0.0089871 0.0104949
6 0.96182 0.00602237 0.00128008 2.51499e-05 0.00315446 0.0276981
6 0.95815 0.00335468 0.00788598 0.00109648 0.00102411 0.0284883
6 0.997247 8.29435e-06 0.00119675 1.59262e-05 2.38778e-06 0.00152943
6 0.968436 0.000671625 0.00779795 0.000151872 0.000165086 0.0227773
6 0.932199 0.00752856 0.0395106 0.00391472 0.00186973 0.0149769
6 0.938731 0.000500994 0.029579 0.000342274 0.000164887 0.0306819
6 0.963248 0.00332746 0.00207093 0.000797069 0.00297694 0.0275792
6 0.962812 0.00320923 0.0191629 0.00933033 0.00421535 0.00126996
6 0.934687 0.00293742 0.0314398 0.000201217 0.00022661 0.0305084
6 0.932015 0.00717066 0.0350728 0.0056828 0.00233114 0.017728
6 0.934885 6.99685e-05 0.0360603 0.000191461 6.97795e-06 0.0287867
6 0.958026 0.00178696 0.00721389 0.00395663 0.00240839 0.0266081
6 0.955648 0.0065173 0.0091819 0.000214173 0.000845826 0.0275932
6 0.935366 0.000793332 0.0310258 0.00108291 0.00125465 0.0304775
6 0.966613 0.00525844 0.00114741 2.20858e-05 6.09027e-05 0.0268978
6 0.941726 0.00962784 0.0232292 0.0116304 0.00492744 0.00885923
6 0.992865 0.000415508 0.00292681 0.000526925 0.000601132 0.0026644
6 0.944674 0.00811458 0.0108344 0.00312856 0.00447099 0.0287778
6 0.980069 0.000153275 0.00332682 0.000104312 5.84946e-05 0.0162878
6 0.944369 0.0060657 0.0255548 0.0111769 0.00312128 0.00971261
6 0.947745 0.00605424 0.0169195 0.00652777 0.00745043 0.0153034
6 0.944149 0.00520392 0.0202452 0.000230439 0.00169986 0.0284718
6 0.938764 0.00555527 0.0384992 0.00527232 0.00482154 0.00708805
6 0.942248 0.00647046 0.0189849 0.00166551 0.00246477 0.0281662
6 0.941268 0.00897 0.0146535 0.00427976 0.00177172 0.0290569
6 0.939335 0.00310845 0.0390203 0.00233123 0.00134843 0.0148569
6 0.94253 0.0163841 0.017444 0.000530974 0.00321506 0.0198961
6 0.944988 0.00398302 0.0205015 0.00904273 0.00093549 0.0205496
6 0.920679 0.00662097 0.0361016 0.0106537 0.00262323 0.0233214
6 0.920819 0.0105609 0.0341644 0.00541067 0.00413496 0.0249105
6 0.949184 0.00335421 0.0173563 0.0112217 0.00148347 0.0174005
6 0.964336 0.00573541 0.000412903 0.000143921 0.0035469 0.0258247
6 0.946342 0.00563471 0.0191359 0.0002652 0.000630207 0.0279917
6 0.952796 0.00146068 0.0203241 0.00647062 0.00122264 0.0177258
0 0.0117727 0.74567 0.0585729 0.00878234 0.150192 0.0250098
0 0.00466989 0.694611 0.0629551 0.00729095 0.21753 0.0129432
0 0.0063218 0.692697 0.00592273 0.000213766 0.277003 0.017841
0 0.0699434 0.721324 0.036143 0.030314 0.0958953 0.0463806
0 0.00192294 0.695679 0.0196302 0.000971362 0.278284 0.00351228
0 8.55478e-05 0.710371 0.000358124 0.00164591 0.286836 0.000704286
0 0.00143689 0.829295 0.0103199 0.00394144 0.150994 0.00401275
0 0.000459291 0.859556 0.000527772 0.00101303 0.134741 0.00370253
0 0.00557178 0.700323 0.00560881 0.00227995 0.282657 0.00356016
0 2.77861e-05 0.920366 0.000388356 0.00132066 0.0769031 0.000993806
0 0.00817937 0.941822 0.0176788 0.00654573 0.0215376 0.00423659
0 4.0061e-05 0.710785 0.000637138 0.00125041 0.287022 0.000264861
0 0.00429588 0.913211 0.0108629 0.0183095 0.0433521 0.00996848
0 0.00392727 0.886991 0.0274913 0.00232636 0.0596966 0.0195675
0 0.0378371 0.663973 0.0427601 0.00702797 0.194913 0.0534883
0 0.00121373 0.688586 0.0316183 0.000698851 0.270581 0.00730225
0 0.00106673 0.703284 0.00470963 0.00588358 0.284082 0.00097375
0 0.0086682 0.753446 0.0152054 0.0455338 0.16524 0.011907
0 0.000119544 0.709627 0.00111449 0.0022544 0.28657 0.000314838
0 0.000571319 0.701667 0.00537965 0.00528054 0.283612 0.00348941
0 0.00491719 0.694678 0.00599547 0.00249096 0.280222 0.0116966
0 0.000486694 0.695932 0.00945373 5.59284e-05 0.28049 0.0135811
0 0.000426475 0.709259 0.00134771 0.00110449 0.286353 0.00150882
0 0.0334272 0.862825 0.0238865 0.0144459 0.0563808 0.00903495
0 0.024309 0.76794 0.00247042 0.000872071 0.166696 0.0377125
0 0.0251953 0.671789 0.0164298 0.00394137 0.253648 0.0289965
0 0.00081127 0.693054 0.0182824 0.000142663 0.278478 0.00923147
0 0.0106062 0.75353 0.037275 0.0559479 0.12806 0.014581
0 0.00014645 0.705544 0.00104304 0.00832784 0.28465 0.000288822
0 0.0230541 0.672212 0.0206512 0.0185336 0.256982 0.00856763
0 0.0057977 0.694643 0.00706045 0.00124305 0.280595 0.0106605
0 0.035521 0.745392 0.0459338 0.012836 0.0968305 0.0634866
0 0.000303778 0.7068 0.000301691 0.00701116 0.285309 0.000274125
0 0.0089864 0.721615 0.00851996 0.0635181 0.189396 0.00796441
0 0.000224418 0.820313 0.0107683 0.00556504 0.16198 0.00114965
0 0.0170243 0.678128 0.0139034 0.00071647 0.267378 0.0228495
0 0.0433274 0.777286 0.0149497 0.048722 0.0938823 0.0218321
0 0.0265414 0.721844 0.0320721 0.0512424 0.147146 0.0211542
0 0.0344492 0.874847 0.0142032 0.00900174 0.049046 0.018453
0 0.00241703 0.701969 0.00118572 0.00306908 0.283631 0.00772822
15 0.0254874 0.00512684 0.936843 0.0102436 0.00247077 0.0198284
15 0.00940513 0.00749109 0.963142 0.0102475 0.00712122 0.00259357
15 0.00929915 0.0103654 0.949616 0.00912372 0.0155822 0.00601353
15 0.0224631 0.000649605 0.962865 0.00036992 0.000249378 0.0134032
15 0.00360836 9.01319e-05 0.973911 3.78691e-05 0.000174989 0.0221774
15 0.0239974 0.00402834 0.947351 0.0111719 0.00248288 0.0109689
15 0.023857 0.00259279 0.945949 0.0122387 0.00932223 0.00604001
15 0.00230474 0.0135425 0.971573 0.00268931 0.00838057 0.00151005
15 0.0386469 0.00571806 0.928392 0.0125083 0.00367133 0.011063
15 0.00128785 0.0133129 0.964566 0.00350111 0.0154989 0.00183337
15 0.0153037 0.0135479 0.928881 0.0137516 0.0161098 0.0124058
15 0.0180006 0.0013845 0.956626 0.000539992 0.000584285 0.0228648
15 0.0129577 0.00814977 0.951292 0.0115785 0.0136788 0.00234359
15 0.00673585 0.00423957 0.966524 0.003041 0.0156089 0.00385097
15 0.00972074 0.0110191 0.954054 0.00326797 0.017417 0.00452079
15 0.00664837 0.00757855 0.967818 0.00116532 0.00186542 0.0149245
15 0.0307869 0.00123546 0.959432 0.000411392 0.000149461 0.00798486
15 0.00233415 0.00459593 0.967138 0.000742125 0.00296118 0.0222282
15 0.0359871 0.00623349 0.924981 0.00368078 0.00551335 0.0236047
15 0.0368481 0.0010189 0.93833 0.0128716 0.00244038 0.0084909
15 0.0105043 0.00244574 0.968599 0.0096299 0.00753317 0.00128773
15 0.0115436 0.00609402 0.962133 0.00472413 0.00159372 0.013912
15 0.00424308 0.0143929 0.956306 0.000416739 0.0117274 0.0129139
15 0.00230163 0.00504309 0.964478 0.00503134 0.00171577 0.0214304
15 0.00124037 0.00267263 0.96651 0.00425573 0.00682707 0.0184943
15 0.00625274 0.0133824 0.947872 0.00687188 0.0126902 0.0129306
15 0.0144492 0.00546337 0.95474 0.00941955 0.00709319 0.008835
15 0.0100678 0.0122677 0.955574 0.00380479 0.0171749 0.00111046
15 0.042662 0.00574452 0.935512 0.00101553 0.000852491 0.014213
15 0.0129069 0.000994897 0.966981 0.00612537 0.00081422 0.0121776
15 0.00362126 0.00702572 0.95885 0.00352482 0.0160583 0.0109198
15 0.0197233 0.00201549 0.954026 0.000353078 0.0012121 0.0226699
15 0.0146797 0.0104457 0.94487 0.0114999 0.0109179 0.00758685
15 0.0335122 0.000144358 0.949849 0.000215154 2.56634e-05 0.0162539
15 0.00393991 0.00753129 0.966177 0.00504936 0.0156463 0.001656
15 0.00291558 0.00852584 0.965852 0.00329098 0.00622042 0.013195
15 0.0393675 0.00461574 0.926022 0.00651502 0.000672903 0.0228072
15 0.0419611 0.00234015 0.940454 0.00284366 0.000740689 0.0116605
15 0.0338627 0.000108815 0.939923 0.000108357 4.45798e-05 0.0259526
15 0.00884188 0.00303873 0.972691 0.00929334 0.00131743 0.00481773
20 0.00835788 0.00914576 0.00105227 0.968422 0.0123281 0.00069347
20 0.0046769 0.00726867 0.00394428 0.96241 0.0203681 0.00133216
20 0.00115732 0.00146613 0.0101171 0.968879 0.016913 0.00146753
20 0.00842198 0.00284394 0.000491704 0.980599 0.0072677 0.000375776
20 0.00989861 0.00343692 0.00585386 0.964051 0.0161448 0.000614916
20 0.000203179 0.00960307 0.00768781 0.976878 0.00269396 0.00293363
20 0.0024163 0.0133871 0.00492992 0.964065 0.013058 0.00214326
20 0.00814914 0.00073871 0.0020951 0.986643 0.0021369 0.000236687
20 0.000685205 0.00188237 0.0027422 0.991412 0.00277947 0.000498861
20 0.00339893 0.0138239 0.00365963 0.962218 0.0166466 0.000253324
20 0.00208621 0.00738917 0.00985335 0.971147 0.00904488 0.000479616
20 0.00122245 0.00787347 0.00322321 0.982163 0.00280542 0.00271266
20 0.000117089 0.0135621 0.000495426 0.971514 0.0140506 0.000260896
20 0.00187005 0.00209009 0.00125337 0.993206 0.000486649 0.00109368
20 0.000167968 0.00282016 0.00304628 0.979194 0.014691 8.01457e-05
20 0.00262727 0.0112317 0.00254584 0.961851 0.0199238 0.0018207
20 0.00976011 0.00203616 0.0103019 0.966715 0.0109033 0.000283733
20 0.00507206 0.0124027 0.00323362 0.958963 0.0196099 0.000719123
20 0.000253539 0.00133937 0.00159117 0.989881 0.00685311 8.22115e-05
20 0.00254092 0.00605536 0.00818576 0.97569 0.00692092 0.000607111
20 0.000167242 0.00417204 0.00432318 0.981281 0.00983739 0.000218699
20 8.94958e-05 0.00744462 0.000599131 0.989732 0.00194577 0.000189438
20 0.000445347 0.00199317 0.00873072 0.978628 0.00978614 0.000416187
20 0.0110683 0.0038794 0.00894921 0.971853 0.00315196 0.00109794
20 0.00474711 0.00622371 0.00409854 0.980242 0.00345712 0.00123144
20 0.000458008 0.00654543 0.00905628 0.974424 0.00898578 0.000530906
20 0.00297021 0.0101182 0.00915719 0.973326 0.00139703 0.00303109
20 3.60181e-07 4.72676e-07 8.36135e-07 0.999865 0.000132466 3.67699e-07
20 0.00190053 0.0116245 0.00297122 0.962765 0.0197542 0.000984959
20 0.000609405 0.0062946 0.00289429 0.969909 0.0195744 0.00071859
20 0.00396033 0.000619187 0.00753694 0.983054 0.0015623 0.00326761
20 0.00894533 0.012417 0.00984809 0.957281 0.00980223 0.0017063
20 0.000427673 0.0124075 0.00385166 0.971858 0.0112634 0.000192196
20 0.0075874 0.00966125 0.00414612 0.967678 0.00921989 0.00170772
20 0.00190147 0.011285 0.0081782 0.958045 0.0193152 0.00127484
20 0.00221357 0.00469663 0.00517721 0.970884 0.0153041 0.00172473
20 0.00574534 0.00281183 0.00485289 0.985571 0.000311627 0.000707727
20 0.0115668 0.00512809 0.00714098 0.972427 0.00190359 0.00183343
20 0.00191395 0.00879775 0.00951111 0.97323 0.00341241 0.00313505
20 0.00466056 0.0108053 0.00480883 0.971235 0.00800707 0.000483214
3 0.000231962 0.226569 0.000989841 0.000439664 0.771587 0.00018213
3 0.0026756 0.284318 0.00313612 0.00698613 0.700599 0.00228592
3 0.0180918 0.151874 0.0633678 0.0165767 0.741209 0.00888023
3 0.000105058 0.28832 5.8217e-05 0.000269303 0.711054 0.000193538
3 0.0103365 0.156507 0.0235194 0.0639894 0.737713 0.00793443
3 0.000339659 0.274473 0.0317596 0.00120831 0.691006 0.00121373
3 0.00268141 0.22105 0.0617485 0.0209377 0.689511 0.0040721
3 0.00832975 0.13652 0.0259722 0.0565686 0.762096 0.0105134
3 0.00157273 0.284607 0.00448943 0.00690074 0.701416 0.00101415
3 0.0027978 0.152376 0.0539366 0.0191207 0.767068 0.00470075
3 0.00632323 0.0732065 0.00767569 0.00257309 0.890474 0.0197476
3 9.82218e-05 0.286163 0.00559508 0.000829792 0.706788 0.000526623
3 0.000397882 0.286987 0.00171632 0.00121321 0.708016 0.00166893
3 0.00155424 0.157761 0.046667 0.0199038 0.771993 0.00212118
3 0.00234768 0.12151 0.00274974 0.0341226 0.838056 0.00121395
3 0.00144475 0.270746 0.0358786 0.00247217 0.688163 0.00129583
3 0.00242628 0.287472 0.000218246 0.000384864 0.709061 0.000437485
3 0.00117664 0.138264 0.00106417 0.00237881 0.852527 0.00458978
3 0.00341772 0.112108 0.0442813 0.00379222 0.830179 0.00622201
3 0.0111259 0.165522 0.0674766 0.0306741 0.715556 0.0096455
3 0.00748051 0.185193 0.0145533 0.0692881 0.716164 0.00732096
3 0.00166263 0.286132 0.00482102 0.000777026 0.705133 0.00147466
3 0.000243823 0.286918 0.000132599 0.00484704 0.707604 0.000254143
3 0.000787045 0.101886 0.00046474 0.000192094 0.895991 0.000679716
3 0.000203493 0.286388 0.00165273 0.00445253 0.706494 0.0008094
3 0.00276628 0.269921 0.0342251 0.00247848 0.684511 0.00609798
3 0.000645063 0.282671 0.00731254 0.00967043 0.698862 0.000838505
3 0.000458904 0.284522 0.0107294 0.000308392 0.703486 0.000495306
3 0.0220966 0.150363 0.0395112 0.0671157 0.708436 0.0124774
3 0.0137589 0.236302 0.00936123 0.0523092 0.676283 0.0119859
3 0.0085542 0.107557 0.048956 0.0740858 0.750662 0.0101854
3 0.00101769 0.253627 0.00443409 0.00252603 0.737734 0.00066073
3 0.000237587 0.0839584 0.00135148 0.00100901 0.907548 0.00589599
3 0.0121501 0.13643 0.022926 0.0559939 0.76188 0.0106197
3 0.00109039 0.267927 0.0394007 0.00202054 0.687832 0.00172952
3 0.000567168 0.24484 0.0167332 0.0266859 0.709232 0.00194216
3 0.000778292 0.281073 0.00764156 0.0149031 0.694752 0.000851772
3 0.00826905 0.175723 0.0248727 0.0692334 0.709773 0.0121288
3 0.00309439 0.212026 0.0619318 0.0028156 0.707091 0.0130416
3 0.00270143 0.285933 0.000231486 0.00531638 0.705214 0.000604316
17 0.000791234 0.00483066 0.0264813 0.00019678 0.00156968 0.96613
17 0.0219989 0.00334007 0.0167369 7.09425e-05 0.000105378 0.957748
17 0.0143497 0.0168903 0.026027 0.00289761 0.00406387 0.935772
17 0.0148381 0.00956202 0.0058596 0.00059937 0.000989548 0.968151
17 0.00282448 0.0131645 0.00385796 0.00113795 0.00832594 0.970689
17 0.021402 0.0150681 0.00973444 0.000344776 0.00164712 0.951804
17 0.0114738 0.0125303 0.00305527 0.000273078 0.00614343 0.966524
17 0.0210379 0.000321286 0.0145599 0.000126622 6.32193e-05 0.963891
17 0.0077128 0.00876715 0.00264683 0.00106597 0.0079963 0.971811
17 0.0116677 0.000312364 0.0268625 0.00223297 7.25091e-05 0.958852
17 0.00230036 0.0017269 0.0263481 0.00201026 0.00336968 0.964245
17 0.00087463 0.0010024 0.00237471 0.000124686 0.000932533 0.994691
17 0.000840391 0.00360022 0.00169078 7.11775e-05 0.00118992 0.992608
17 0.021195 0.0071077 0.0152412 0.00124183 0.0064793 0.948735
17 0.0224014 0.00406468 0.0190002 0.00259386 0.000309327 0.95163
17 0.0128353 0.0125809 0.000753161 0.00113526 0.0101521 0.962543
17 0.0191198 0.00749848 0.0044606 0.00147889 0.000354597 0.967088
17 0.00423356 0.0130127 0.00918789 0.00128893 0.0088443 0.963433
17 0.0153977 0.0120945 0.0118607 0.00701822 0.00249431 0.951135
17 0.00246467 0.0089972 0.00153327 0.000210639 0.00749767 0.979297
17 0.00857655 0.0130114 0.0162578 0.00054755 0.0064153 0.955191
17 0.00237987 4.7734e-05 0.0262457 5.52985e-06 3.92401e-06 0.971317
17 0.00344257 6.94101e-05 0.00273967 3.03913e-06 4.51604e-06 0.993741
17 0.00203396 0.00944571 0.0127714 0.000223147 0.00037778 0.975148
17 0.00158189 0.0100415 0.000469751 0.00120086 0.00795813 0.978748
17 0.00520648 0.00844323 0.0265607 0.003139 0.00167708 0.954973
17 0.0170608 0.0116493 0.00475385 0.000740535 0.00685588 0.95894
17 0.00104798 0.00496991 0.0234888 4.65576e-05 0.00229356 0.968153
17 0.0177568 0.0196205 0.0163336 0.000181323 0.000891644 0.945216
17 0.0104433 0.00748253 0.0265418 0.0027681 0.00304725 0.949717
17 0.00185744 0.0153044 0.0247223 0.00284414 0.00639466 0.948877
17 0.000320974 0.0143304 0.00400669 0.000340325 0.00834649 0.972655
17 0.00796065 0.0093252 0.0111654 0.000975827 0.00855976 0.962013
17 0.00383953 0.000477156 0.00811254 4.59726e-05 1.5732e-05 0.987509
17 0.00318358 0.0136581 0.000851375 0.00052081 0.00873368 0.973052
17 0.00324258 0.00943258 0.00184466 0.000626532 0.00761823 0.977235
17 0.00144002 0.000316228 0.00612951 2.87541e-05 7.20475e-05 0.992013
17 0.0204247 0.00108828 0.000951815 0.00020435 8.68262e-05 0.977244
17 0.00686584 0.0105881 0.000725669 0.000195638 0.00863725 0.972987
17 0.00170969 0.00185861 0.0137302 0.000192438 0.000157361 0.982352
6 0.992953 0.00201251 0.000399631 3.95253e-05 0.00308462 0.00151054
6 0.966778 0.00203516 0.00347898 3.98556e-05 3.36765e-05 0.0276342
6 0.949758 0.00741061 0.0160361 0.00168032 0.00216813 0.0229464
6 0.963063 0.00253837 0.00587735 0.000540465 0.00350082 0.0244799
6 0.938876 0.00347839 0.0345717 0.00995524 0.00121871 0.0118995
6 0.945887 0.00871523 0.0236824 0.010869 0.00238076 0.00846601
6 0.927799 0.00409482 0.0362317 0.00210481 0.00134803 0.0284218
6 0.972057 0.00101542 0.00341092 1.78831e-05 4.33865e-05 0.0234558
6 0.952942 0.00308722 0.0215032 0.00999669 0.00257588 0.00989509
6 0.945875 0.00787992 0.0170863 0.000257025 0.00067276 0.0282287
6 0.970439 0.000501187 0.00811301 5.06373e-05 0.000187404 0.0207089
6 0.943527 0.00150737 0.0387233 0.00412597 0.00150582 0.010611
6 0.980297 0.000779916 0.00487954 0.000103536 7.19642e-05 0.013868
6 0.956947 0.00692581 0.00809185 0.000118928 0.000328765 0.0275877
6 0.953856 0.00215469 0.0317063 0.00167648 0.00111393 0.00949307
6 0.995765 0.000191392 0.000716955 1.55027e-05 1.23449e-05 0.00329867
6 0.980363 0.00233908 0.000405639 1.53664e-05 3.14904e-05 0.0168457
6 0.957153 0.001824 0.0148624 0.00127407 0.00267897 0.0222076
6 0.969544 0.00960397 0.00271632 0.00209575 0.00381281 0.012227
6 0.985618 0.00078665 0.00223025 0.000151045 0.000203523 0.0110104
6 0.988195 0.00592787 0.0023444 0.000499851 0.00194308 0.00108984
6 0.982927 0.000554592 0.000351928 6.58259e-05 5.82578e-05 0.0160422
6 0.998681 0.000579154 0.000109604 3.27936e-05 0.000382614 0.000215131
6 0.949868 0.00927577 0.00736098 0.00297641 0.00611696 0.0244018
6 0.978423 0.00137836 0.00156877 0.00224693 0.00022708 0.0161555
6 0.998866 0.000422182 2.1776e-05 3.2758e-06 0.000185726 0.000500626
6 0.943707 0.010505 0.0226879 0.0112116 0.00225905 0.00962945
6 0.94354 7.22116e-05 0.0240458 0.00266161 3.99249e-05 0.02964
6 0.958745 0.00715803 0.00407469 0.000275399 0.00179989 0.0279473
6 0.937784 0.00629004 0.021061 0.00176617 0.00336266 0.0297364
6 0.997835 0.000677437 0.000682649 0.000242754 0.000150863 0.000411691
6 0.997855 6.60609e-05 0.00159684 0.000227803 2.11151e-06 0.000252324
6 0.940975 0.00477791 0.0390623 0.00556573 0.00265709 0.00696173
6 0.993496 0.000573201 0.000921267 0.000154095 0.000737742 0.00411789
6 0.955341 0.00153806 0.0386885 0.000409247 0.000354809 0.00366791
6 0.940992 0.00502617 0.0376909 0.00854479 0.00279056 0.00495538
6 0.998089 3.53094e-05 0.00105199 0.000385652 5.2334e-05 0.000386115
6 0.936108 0.00326473 0.0394768 0.0024969 0.00190574 0.0167476
6 0.99115 0.000691396 0.00604466 0.000730012 0.000657731 0.00072583
6 0.957296 0.00609942 0.00551403 0.00138123 0.00243684 0.027272
0 4.0443e-05 0.711199 0.000459865 0.000400035 0.287259 0.000641251
0 0.00322122 0.693677 0.0122672 0.00762562 0.278868 0.00434121
0 6.77738e-05 0.708365 0.00145793 0.00384742 0.286189 7.30684e-05
0 0.002371 0.772051 0.00429681 0.00726549 0.20312 0.0108954
0 0.000144895 0.868507 0.000142083 0.00176687 0.129102 0.000337754
0 0.00146473 0.697389 0.00855836 0.0117342 0.280215 0.000638943
0 0.00645905 0.696105 0.00456696 0.00223903 0.280026 0.0106035
0 0.0180096 0.69199 0.00838778 0.000668745 0.272762 0.00818196
0 0.00280236 0.699973 0.00972802 0.000273143 0.282511 0.00471312
0 0.000535628 0.697066 0.0107622 0.0077178 0.279383 0.00453484
0 0.000694959 0.703818 0.0010719 0.0101223 0.283834 0.000459424
0 0.00268735 0.688473 0.00115769 0.012554 0.275369 0.0197596
0 0.0302339 0.687496 0.00715987 0.00319491 0.270134 0.00178114
0 0.00358572 0.696107 0.00351212 0.0345335 0.250486 0.0117762
0 0.0194383 0.855835 0.0293282 0.0294566 0.0610481 0.00489386
0 0.00361073 0.688588 0.0535186 0.00538164 0.244922 0.00397954
0 0.00242723 0.697791 0.000617309 0.0206562 0.277756 0.000752128
0 0.00662974 0.70032 0.00189347 0.00209616 0.282996 0.00606456
0 0.0019101 0.717985 0.000670643 0.0104319 0.266016 0.0029866
0 0.00427985 0.702863 0.00836519 0.046244 0.233801 0.00444673
0 0.000112756 0.705704 0.000135661 0.00891458 0.284836 0.000296991
0 0.0333713 0.681054 0.00920457 0.00855401 0.264677 0.00313976
0 0.0208369 0.681688 0.028774 0.00123421 0.263986 0.00348098
0 0.000281358 0.708286 0.00070431 0.000681778 0.286265 0.00378186
0 0.0083094 0.764683 0.0544877 0.00490718 0.156506 0.0111071
0 0.0073819 0.891346 0.00862871 0.00267927 0.0656023 0.0243617
0 5.2499e-05 0.846805 0.000656814 0.00046314 0.150468 0.00155481
0 0.00812818 0.735573 0.0615799 0.00852541 0.158938 0.0272547
0 0.00313161 0.884989 0.00751991 0.0155301 0.0790449 0.00978494
0 0.0116239 0.775163 0.0038555 0.00412866 0.203966 0.00126263
0 0.00392987 0.679385 0.0386696 0.00464807 0.261555 0.0118117
0 5.91479e-05 0.811142 0.000792516 0.00041942 0.181568 0.00601871
0 0.000211459 0.711937 9.62664e-05 0.00017937 0.287396 0.000180514
0 0.00642758 0.686794 0.0576472 0.0046526 0.180985 0.0634938
0 0.0229879 0.684463 0.0165148 0.00250389 0.268216 0.00531445
0 0.0102093 0.721866 0.0160493 0.0618538 0.173765 0.0162571
0 0.00471639 0.828711 0.0134925 0.000288295 0.145438 0.00735362
0 0.00165121 0.691366 0.0122485 0.0151763 0.273672 0.00588586
0 0.00265995 0.707603 0.000642312 0.000935939 0.285927 0.00223168
0 0.00139741 0.70824 0.00195005 0.000619827 0.286103 0.00168991
15 0.0244975 0.0133176 0.932802 0.00360726 0.0116029 0.0141732
15 0.0180863 0.00377955 0.959149 0.0104746 0.00772848 0.000782072
15 0.0181104 0.0182232 0.938348 0.00326303 0.00575966 0.0162954
15 0.0396309 0.00070025 0.931935 0.00385544 0.00198871 0.02189
15 0.00199197 0.0142434 0.96957 0.00314112 0.0103168 0.000736937
15 0.000752701 0.0109885 0.965977 0.000587289 0.0162499 0.005445
15 0.000734405 0.00137119 0.972243 0.000221439 0.00317272 0.0222572
15 0.000752354 0.00823693 0.970944 0.000232341 0.0161106 0.00372345
15 0.000439241 0.0108225 0.959405 0.0107194 0.0128737 0.00574037
15 0.00228556 0.0100908 0.964893 0.00233818 0.0164622 0.00392986
15 0.0397384 0.00333867 0.925491 0.00460721 0.00374796 0.0230771
15 0.0377965 0.00228945 0.934502 0.000435369 0.00054198 0.0244345
15 0.00712478 0.00493647 0.956713 0.0027635 0.0170881 0.0113737
15 0.0323492 0.00281776 0.932251 0.0122061 0.000778652 0.0195968
15 0.00128037 0.0144903 0.964147 0.00107449 0.0136887 0.00531882
15 0.0116844 0.0130913 0.936698 0.0043117 0.0190678 0.0151468
15 0.00546519 0.0014814 0.986495 0.00018891 0.00218606 0.00418307
15 0.0223589 0.00227273 0.950665 0.000803862 0.000347113 0.0235527
15 0.0264889 0.0160893 0.933212 0.00877947 0.0129167 0.00251317
15 0.0111355 0.0110597 0.949166 0.00131427 0.0180667 0.00925818
15 0.0191014 0.00114451 0.955938 0.000318178 0.000475258 0.0230231
15 0.0170519 0.00269626 0.963246 0.00699706 0.00382661 0.0061823
15 0.0233008 0.000578784 0.951551 0.000412399 0.0001786 0.0239787
15 0.0307855 0.000886193 0.935629 0.0130324 0.000297991 0.0193688
15 0.0345153 0.00715161 0.921635 0.00569149 0.00669673 0.02431
15 0.00195058 0.00790553 0.964069 0.00988883 0.00767106 0.00851524
15 0.0181189 0.0166548 0.936534 0.00107979 0.0111651 0.0164475
15 0.00568293 0.0128571 0.951872 0.00378845 0.017058 0.00874143
15 0.0417812 0.00495975 0.94721 0.00480954 0.00065667 0.000583073
15 0.0188669 0.000980487 0.955187 0.0123741 0.000332867 0.0122588
15 0.021027 0.0121203 0.937464 0.00520588 0.000875253 0.023308
15 0.00434585 7.42637e-05 0.982547 0.00328755 0.000324445 0.00942102
15 0.00315105 0.002164 0.971734 6.68128e-05 0.0007183 0.0221653
15 0.0418901 0.000159649 0.945009 0.00167142 0.000187156 0.011083
15 0.0057343 0.00120051 0.983315 0.000906998 0.00493358 0.00390999
15 0.0221677 0.00501963 0.934097 0.0111873 0.0185168 0.00901135
15 0.0141657 0.00345958 0.970278 0.00467686 0.00453403 0.00288549
15 0.00315303 0.00693975 0.970417 0.00971828 0.00937523 0.000396753
15 0.00707624 0.00484762 0.973429 0.00405659 0.00594788 0.00464312
15 0.0217691 0.000885682 0.947325 0.00558262 0.000520395 0.0239175
20 0.00351261 0.00792498 0.00436475 0.962009 0.0203635 0.0018253
20 0.00406502 0.000501331 0.00448079 0.987508 0.00153988 0.00190505
20 0.00775941 0.0132731 0.000902012 0.960753 0.0169373 0.000375183
20 0.000881338 0.00675425 0.00986077 0.971321 0.0103044 0.000878136
20 0.00342403 0.00652388 0.0025824 0.976628 0.0106487 0.000193166
20 0.00103373 0.000245813 0.0082269 0.989739 0.000538842 0.000215573
20 0.00260675 0.00171453 0.00568807 0.970868 0.0181793 0.000943235
20 0.00285658 0.00733782 0.0108748 0.963877 0.0132803 0.00177346
20 0.0113804 0.000289646 0.00648525 0.980999 0.000763988 8.21998e-05
20 0.00488145 0.0117829 0.0049779 0.964756 0.0129523 0.000649782
20 0.00719809 0.000166765 0.0015684 0.990667 0.000379213 2.03144e-05
20 0.00682905 0.000928733 0.00323621 0.983098 0.0057312 0.000177126
20 0.00550648 0.0077572 0.00594401 0.976005 0.00380059 0.00098687
20 0.000386085 0.00501522 0.00108833 0.993277 0.000187382 4.62633e-05
20 0.00304874 0.00348816 0.00854741 0.980158 0.00279617 0.00196174
