labels 6 0 15 20 3 17
6 0.725892 0.00107157 0.0596548 0.00051166 0.000435984 0.212434
6 0.58345 0.062197 0.0332322 0.0140235 0.0117557 0.295342
6 0.964483 0.000884928 0.023012 0.000428487 0.000205931 0.0109856
6 0.922912 0.00185057 0.0132291 0.000360611 0.00023975 0.0614081
6 0.993936 0.000177402 0.000266057 1.64444e-05 1.22966e-05 0.00559224
6 0.970255 0.000415469 0.0111323 0.000140279 3.66606e-05 0.01802
6 0.941009 0.00536313 0.0336571 0.00413922 0.00320654 0.0126248
6 0.801662 0.00090896 0.0290196 0.000389453 0.000634019 0.167386
6 0.960721 0.00185958 0.0326903 0.000868422 0.000571079 0.00328974
6 0.735886 0.0061569 0.233647 0.00559357 0.00200343 0.016713
6 0.954302 0.00733585 0.023585 0.00192769 0.000461439 0.0123878
6 0.946744 0.00163327 0.0283738 0.0068904 0.0013958 0.0149623
6 0.984575 0.00151888 0.00860927 0.000149442 4.15261e-05 0.00510589
6 0.617146 0.00844111 0.360219 0.0070703 0.00247318 0.00465042
6 0.469104 0.0274152 0.404434 0.0238904 0.00928334 0.0658729
6 0.98989 2.8243e-05 0.000250627 3.30298e-05 1.90287e-05 0.00977947
6 0.970205 0.000723701 0.00548326 0.000113726 0.00201187 0.0214626
6 0.969224 0.000222956 0.0286564 0.000723442 8.27678e-06 0.00116489
20 0.439604 0.0338146 0.0266901 0.460287 0.032736 0.00686872
6 0.934455 0.00577578 0.013213 0.000309242 0.000813529 0.0454338
17 0.450357 0.0161164 0.00385436 9.56368e-05 0.00219971 0.527377
17 0.198656 0.0361962 0.0495763 0.00128149 0.00188987 0.7124
6 0.974364 0.00389377 0.00754605 0.00139814 0.000105434 0.0126929
6 0.9464 0.00178067 0.00129446 0.000742954 0.000709196 0.0490731
6 0.64281 0.00245815 0.326266 0.00333146 0.00139813 0.0237363
6 0.939794 0.0093974 0.00981871 0.000229674 0.000603049 0.0401574
6 0.841882 0.00797524 0.0108775 0.000453467 0.00113493 0.137677
6 0.945134 0.000155363 0.00329394 0.00143644 2.31243e-05 0.0499572
6 0.516528 0.00172082 0.479176 0.00139408 7.20164e-05 0.00110865
6 0.943307 0.00204961 0.0108388 8.75451e-05 0.000469593 0.043247
17 0.240244 0.2692 0.020491 0.0165146 0.142297 0.311253
6 0.810853 0.00146031 0.0521023 0.0239415 0.00205355 0.109589
6 0.986835 0.000886773 0.00680859 9.86596e-05 8.26545e-05 0.00528822
6 0.747562 0.0257801 0.0789392 0.0548168 0.043127 0.0497746
17 0.315902 0.00267723 0.27059 0.0107472 0.00197284 0.398111
6 0.999085 8.53228e-05 0.000588971 9.19923e-06 2.32843e-06 0.000229282
6 0.911071 0.000849263 0.00767059 5.74958e-05 4.22647e-05 0.0803092
6 0.925496 0.00202236 0.0341274 0.0354893 0.00161537 0.00124937
6 0.902185 0.00502051 0.0730269 0.000866738 0.000453129 0.0184473
6 0.983537 0.00044739 0.00762153 0.00098022 7.10749e-05 0.00734304
0 0.0195707 0.795289 0.0847657 0.00421312 0.0297075 0.0664536
0 0.00787593 0.459747 0.109953 0.00502085 0.352244 0.0651589
0 0.00769556 0.548008 0.021617 0.240071 0.17253 0.010078
0 0.00714724 0.52587 0.00285333 0.00187937 0.456888 0.00536154
0 0.00197724 0.705259 0.0730068 0.00510452 0.199805 0.0148484
0 0.00715749 0.745362 0.107401 0.00947851 0.117216 0.0133854
0 0.0086594 0.568996 0.00359039 0.00233484 0.409039 0.0073808
20 0.00252441 0.0356805 0.00239912 0.515024 0.436538 0.00783413
0 0.000571831 0.655724 0.000907729 0.000629232 0.301113 0.0410545
0 4.84771e-05 0.759394 0.000514586 0.00964056 0.229716 0.000686566
20 0.125095 0.143365 0.165196 0.500171 0.0401403 0.0260322
0 0.0321432 0.731788 0.0194248 0.0269766 0.163243 0.0264248
3 6.73659e-05 0.487084 0.000180333 0.000203269 0.511079 0.00138563
0 0.000268154 0.698273 0.000892059 0.00108708 0.298835 0.000644529
0 0.00769935 0.816549 0.00572092 0.00278941 0.164418 0.00282347
0 9.40693e-05 0.628333 0.00250153 0.00712843 0.361148 0.000795302
20 0.0352167 0.217463 0.0538303 0.371942 0.295594 0.0259543
0 0.000924818 0.535955 0.0162675 0.0978297 0.346723 0.00230083
0 0.0619828 0.485531 0.0627402 0.0593521 0.2939 0.0364946
3 0.119948 0.165816 0.0166292 0.00636867 0.643621 0.047617
3 0.00068173 0.454914 0.000590527 0.000149666 0.542449 0.00121459
0 0.00586357 0.728513 0.0136909 0.0531691 0.182607 0.0161562
0 0.00140855 0.607802 0.0021783 0.0374884 0.345915 0.0052078
3 0.00173951 0.0592239 0.0363918 0.315294 0.576716 0.0106352
0 0.135828 0.759661 0.00659276 0.00547597 0.0772845 0.015158
6 0.495787 0.274899 0.067654 0.00615764 0.0458395 0.109663
0 0.00501392 0.613219 0.0250438 0.102187 0.242853 0.0116833
0 0.00499875 0.774205 0.0420031 0.000822171 0.173412 0.00455923
6 0.504902 0.153075 0.0572004 0.147434 0.0595342 0.0778548
17 0.00448655 0.0149706 0.118976 0.000450615 0.00064546 0.860471
0 0.00388126 0.614347 0.0168199 0.142645 0.220163 0.00214418
0 0.000380069 0.804971 0.00239902 0.000193286 0.191696 0.00036118
0 7.06354e-05 0.666731 6.54743e-05 0.00249974 0.33057 6.29089e-05
0 0.0117681 0.628674 0.00286812 0.000678518 0.147281 0.20873
0 0.00802551 0.577299 0.0570391 0.0126073 0.23587 0.109159
0 0.00634987 0.656685 0.00986554 0.00127665 0.322035 0.00378795
0 0.0239765 0.807791 0.0241161 0.00758564 0.0481598 0.0883715
0 0.000368064 0.804137 0.000164383 0.000471963 0.194354 0.000504284
0 0.00106552 0.64445 0.00826288 0.00328368 0.313029 0.029909
15 0.00369356 0.254088 0.614394 0.00123652 0.0817737 0.0448136
15 0.0806505 0.0674667 0.47178 0.00473734 0.00486529 0.3705
15 0.0233069 0.0217253 0.914699 0.0164513 0.011769 0.0120487
15 0.00711763 0.090431 0.840883 0.000949842 0.0507551 0.00986395
15 0.0163466 0.00526123 0.654604 0.00144436 0.00150429 0.32084
20 0.110621 0.00151735 0.0603729 0.820569 0.00309285 0.00382647
17 0.0194835 0.0654041 0.303427 0.00528339 0.00531722 0.601085
15 0.0230265 0.0027291 0.916845 0.00173478 0.0013654 0.0542997
15 0.00622396 0.00509891 0.978841 0.00525845 0.00123965 0.00333767
15 0.0671618 0.000961968 0.80204 0.099954 0.000800102 0.0290816
17 0.0370902 0.0277674 0.392803 0.0224266 0.0379768 0.481936
15 0.0127522 0.000636428 0.747572 0.20505 0.000935197 0.0330542
15 0.0933364 0.0152772 0.512451 0.0180987 0.00654975 0.354287
15 0.00361021 0.0306349 0.785983 0.000575782 0.171794 0.00740251
15 0.0342138 0.00734941 0.879901 0.000631252 0.000626308 0.0772785
15 0.00875273 0.0142634 0.810893 0.0519351 0.0423429 0.0718126
15 0.117677 0.0158285 0.832406 0.00506987 0.00234819 0.0266702
15 0.0173813 0.0402516 0.822963 0.0290916 0.086565 0.00374717
15 0.0131953 0.275053 0.405915 0.0221662 0.069177 0.214494
15 0.0231718 0.00368083 0.926325 0.0219438 0.0135441 0.0113345
17 0.0687882 0.044016 0.272976 0.0107594 0.00384376 0.599616
17 0.0204798 0.00994894 0.416788 0.0768922 0.0515762 0.424315
15 0.171926 0.0177574 0.658008 0.0278499 0.00991261 0.114547
15 0.00556218 0.0137968 0.906902 0.0135716 0.0271978 0.0329699
15 0.0815708 0.0127598 0.845085 0.0196685 0.0148756 0.02604
17 0.312881 0.200074 0.0400283 0.0163027 0.0665904 0.364123
15 0.102217 0.025772 0.649305 0.128909 0.0425832 0.0512137
15 0.00633792 0.000499956 0.842703 0.14402 0.00270451 0.00373428
15 0.0341067 0.00475303 0.917559 0.0194722 0.00144237 0.0226666
6 0.290349 0.0822104 0.245995 0.069625 0.0790492 0.232772
15 0.0581292 0.329648 0.403732 0.0519478 0.0612822 0.0952613
15 0.00361644 0.00231971 0.965769 0.0255396 0.00153734 0.0012177
15 0.0246957 0.00300143 0.940057 0.022465 0.00690265 0.00287828
15 0.00413549 0.0100909 0.966557 0.000232777 0.0140834 0.00490036
15 0.00206642 3.9013e-05 0.97914 0.00380382 3.26687e-05 0.0149186
15 0.0263584 0.00561302 0.903027 0.0307985 0.0128401 0.021363
20 0.0907265 0.000117413 0.0324821 0.875773 0.000351935 0.000549433
6 0.981067 0.000106315 0.0140427 5.98339e-05 2.51564e-05 0.00469889
15 0.281029 0.0495022 0.566347 0.00442871 0.00614596 0.0925472
15 0.00692989 0.101039 0.564876 0.061369 0.259922 0.00586329
17 0.127199 0.166983 0.0698038 0.0498135 0.00950492 0.576696
20 0.0476157 0.00121107 0.00809807 0.937758 0.000515368 0.0048018
0 0.00125341 0.753717 0.0215305 0.0248245 0.19511 0.00356465
20 0.079037 0.036794 0.0133024 0.852279 0.0149429 0.00364493
20 0.00570707 0.00393318 0.00392576 0.985545 0.000835454 5.37486e-05
0 0.00723722 0.732482 0.0328051 0.19257 0.0304231 0.00448262
20 0.00341394 0.000721322 0.00312777 0.989812 0.00248134 0.000443506
20 0.000995171 0.00124248 0.000572486 0.996392 0.000484031 0.000313367
20 0.000508035 0.0104937 0.00875841 0.971555 0.00853917 0.000145569
6 0.738032 0.0112224 0.0972312 0.096343 0.0126267 0.044545
20 0.0237922 0.124586 0.0275913 0.809838 0.00987983 0.00431269
20 0.152389 0.236167 0.110914 0.256369 0.149931 0.0942293
20 0.0352853 0.0194304 0.027056 0.904418 0.0105662 0.00324385
20 0.00039206 0.0251807 0.0218326 0.91642 0.0263103 0.00986431
20 0.00088936 0.0259448 0.0409881 0.928789 0.00308277 0.00030566
20 0.00532445 0.00213467 0.00993696 0.981682 0.000785297 0.000136161
20 0.0033998 0.0531752 0.0215247 0.877421 0.043631 0.000847963
20 0.00472798 0.00559404 0.00168261 0.983896 0.0036419 0.000457742
20 0.00770792 0.0317498 0.414693 0.473429 0.0655927 0.00682806
20 0.00561734 0.11604 0.163533 0.671256 0.0295762 0.013977
20 0.00978254 0.000950813 0.00263694 0.980589 0.00596845 7.20023e-05
20 0.00140794 0.00100995 0.0354777 0.958963 0.00292979 0.000211088
20 0.0969087 0.175051 0.253171 0.272778 0.0902615 0.11183
20 0.048486 0.0489241 0.0206865 0.870562 0.00998042 0.0013611
15 0.0307434 0.105373 0.352461 0.241103 0.220704 0.049616
20 0.0546673 0.0749936 0.376224 0.384205 0.0808534 0.0290567
20 0.0441567 0.0316771 0.00764903 0.801878 0.10912 0.0055191
20 0.0475235 0.00512094 0.0254323 0.91133 0.00826309 0.00233047
20 0.0138109 0.00171993 0.00597052 0.968706 0.00858344 0.00120889
20 0.0143402 0.0545128 0.0146078 0.638387 0.268771 0.00938168
6 0.326556 0.207435 0.214998 0.0551318 0.0584551 0.137424
20 0.00394335 0.0329755 0.0308186 0.700881 0.230276 0.00110529
20 0.0182139 0.00155874 0.113911 0.858536 0.00717644 0.000603728
20 0.0197619 0.0596265 0.0490323 0.801617 0.0648637 0.00509822
20 0.0050712 0.00122969 0.00111058 0.988379 0.00409321 0.000116751
20 0.014992 0.0487682 0.113226 0.761487 0.0423872 0.0191398
20 0.0493705 0.145773 0.122487 0.321538 0.110523 0.250308
20 0.00802922 0.0428074 0.344949 0.51365 0.0890045 0.00156001
20 0.000736982 0.00118141 0.0124431 0.977565 0.00503688 0.00303697
3 0.0160397 0.0472501 0.102335 0.139296 0.689361 0.00571895
20 0.00326096 0.00714675 0.0249852 0.918591 0.0456504 0.000365773
0 0.00822185 0.37982 0.314535 0.0201236 0.266217 0.0110824
3 0.00590055 0.374586 0.000908582 0.00423879 0.612378 0.00198726
3 0.00373819 0.476047 0.0131967 0.000595856 0.489335 0.0170875
0 0.00260149 0.454254 0.151365 0.0245744 0.364965 0.0022405
3 0.00122782 0.301481 0.00293314 0.000836509 0.635611 0.0579103
3 0.00524425 0.144296 0.165974 0.0063403 0.676438 0.00170705
20 0.00435712 0.0770293 0.017692 0.804437 0.0893272 0.00715789
3 0.0019596 0.422912 0.00360149 0.00373604 0.562493 0.0052978
0 0.0110916 0.389369 0.0216605 0.378118 0.186073 0.0136877
3 3.62714e-05 0.125664 6.03908e-05 3.2429e-05 0.874084 0.000122478
3 0.0149206 0.134926 0.0233597 0.0142947 0.80632 0.00617937
3 0.00620662 0.167311 0.0183534 0.191455 0.609286 0.00738847
3 0.0108648 0.169655 0.0528473 0.0570841 0.698494 0.0110539
3 8.66623e-05 0.233636 0.000364783 0.000364374 0.7655 4.75183e-05
3 0.00320004 0.436828 0.00527022 0.0660016 0.484822 0.00387856
3 0.000399723 0.0209065 0.00618271 0.00404634 0.968092 0.000372602
3 0.00147525 0.312683 0.00968173 0.00725913 0.659146 0.00975475
0 0.00484143 0.441187 0.0766001 0.10738 0.363662 0.0063295
3 0.0412604 0.25213 0.00404384 0.0151263 0.676992 0.0104472
0 0.0447488 0.332811 0.0423442 0.0306527 0.247427 0.302016
20 0.0169723 0.0132678 0.0134203 0.896858 0.048548 0.0109337
3 0.00403895 0.160021 0.000558038 0.00179864 0.831902 0.0016812
3 0.000634599 0.105888 0.00142422 0.0085453 0.883361 0.000147601
15 0.0390222 0.219024 0.42615 0.00281609 0.306749 0.00623909
0 0.000723136 0.459677 0.262579 0.00130312 0.25825 0.0174677
3 0.00124148 0.104894 0.00243275 0.00329836 0.887685 0.000448076
0 0.000233566 0.58386 0.00127703 0.00135112 0.412345 0.000933675
3 0.000207168 0.29662 0.000180495 0.000182574 0.702191 0.000618935
0 0.000151292 0.503568 0.00748535 0.00134994 0.486392 0.00105378
3 0.012975 0.200409 0.0326878 0.192716 0.544329 0.0168832
3 7.69321e-05 0.375475 0.000159166 0.000185202 0.623173 0.000929904
3 0.000134925 0.330417 0.000466008 0.000604803 0.668217 0.000160641
3 0.00674322 0.255467 0.18844 0.0219878 0.432122 0.0952414
0 0.00249993 0.6145 0.0121335 0.0573974 0.304869 0.00860002
3 0.0236446 0.389831 0.00542278 0.00534242 0.560849 0.0149097
0 0.000110063 0.546758 0.0195716 0.000535348 0.431425 0.00160075
3 0.000221543 0.427103 0.0164363 0.0157878 0.53975 0.000701305
0 0.00420782 0.547165 0.0022818 0.0385892 0.405841 0.0019158
3 0.00662264 0.0993757 0.00113958 0.00265094 0.881943 0.0082686
3 0.000825437 0.156063 0.00413542 0.0280668 0.80916 0.0017487
6 0.656277 0.0100276 0.0983709 0.0967277 0.00836917 0.130228
17 0.0669065 0.00428966 0.264114 0.000587436 0.000656271 0.663446
17 0.00511946 0.000143815 0.0944518 6.34344e-05 2.13392e-05 0.9002
17 0.00448538 0.00229543 0.144342 2.92414e-05 0.000282318 0.848566
17 0.0218704 0.0106136 0.0545005 0.00148641 0.000579232 0.91095
17 0.011755 0.00692476 0.0119585 6.2448e-05 0.000238708 0.969061
15 0.0286507 0.0329819 0.409483 0.0196121 0.101621 0.407651
17 0.0881885 0.00275664 0.0499018 0.000643536 0.000422074 0.858087
17 0.0068551 0.182923 0.346162 0.00456537 0.0270317 0.432463
15 0.0961086 0.0055484 0.591605 0.00956612 0.00412605 0.293046
17 0.0193343 0.00960346 0.00285193 0.000267399 0.00833132 0.959612
17 0.0088724 0.0151471 0.00449299 0.000207488 0.00225413 0.969026
17 0.00811715 0.000156128 0.049553 0.000646022 0.000514615 0.941013
17 0.0240456 0.0122318 0.00818761 0.000493758 0.00245607 0.952585
6 0.613379 0.0661899 0.00974639 0.00920874 0.0894968 0.21198
17 0.00349463 0.0260653 0.0478769 0.000842015 0.0754976 0.846224
17 0.0405119 0.115397 0.119502 0.0319207 0.2068 0.485868
17 0.00824049 0.0195232 0.0297812 0.000538715 0.001538 0.940378
17 0.352007 0.0339672 0.047184 0.0113747 0.00495297 0.550515
17 0.0168729 0.170613 0.0247965 0.0166548 0.353851 0.417211
17 0.00167348 0.0100348 0.000729183 2.04137e-05 0.00183726 0.985705
17 0.0124241 0.000741376 0.00979025 1.88469e-05 2.39994e-05 0.977001
17 0.106146 0.10011 0.0647556 0.00999797 0.0419771 0.677013
17 0.00383415 0.00653086 0.00778157 0.000528401 0.00083653 0.980488
17 0.00358523 0.00136804 0.0012942 8.17725e-05 0.00119286 0.992478
17 0.00230276 0.0048045 0.00474869 5.66918e-05 0.00176641 0.986321
17 0.000698764 0.00542851 0.00242281 3.02056e-05 0.00139143 0.990028
17 0.00847851 0.0123437 0.00542165 0.00118413 0.00805278 0.964519
17 0.000754067 0.00590885 0.00330781 8.46432e-05 0.018348 0.971597
6 0.535832 0.00195443 0.0102572 0.000158005 5.1654e-05 0.451746
17 0.00876752 0.000505697 0.000774782 9.31523e-06 2.10883e-05 0.989922
17 0.000310908 4.12976e-05 0.0401757 0.000224684 0.000170967 0.959076
17 0.0367429 0.00887976 0.0137059 0.0122028 0.0114495 0.917019
17 0.0831931 0.0148675 0.252892 0.000475485 0.000594172 0.647977
17 0.012907 0.00672837 0.016538 0.000241177 0.00577574 0.95781
6 0.738971 0.00854425 0.094599 0.0487406 0.00606223 0.103083
17 0.150763 0.00290779 0.0237199 0.00102788 0.000756239 0.820825
17 0.00685122 0.0691893 0.0915933 0.00462717 0.00765785 0.820081
17 0.0693612 0.000721313 0.0853238 0.000975465 0.000356133 0.843262
17 0.0100288 0.00497763 0.00126862 5.34852e-05 0.00326624 0.980405
