labels 6 0 15 20 3 17
6 0.993893 0.000505179 0.0026164 8.29e-05 0.000112969 0.00278997
6 0.993257 0.000478547 0.00281038 0.000211636 0.000315902 0.00292644
6 0.99234 0.000511351 0.00479214 5.87177e-05 0.000320889 0.00197706
6 0.995213 0.000131794 0.0018894 2.48933e-05 5.87632e-05 0.00268236
6 0.996337 0.000397679 0.000582944 4.26197e-05 0.000139881 0.00250003
6 0.99227 0.000393794 0.00381651 0.000244037 0.000333126 0.00294243
6 0.995127 0.000187825 0.00215354 0.000252498 0.000374867 0.00190473
6 0.992844 0.000289541 0.00370132 1.44179e-05 0.000158074 0.00299265
6 0.99342 0.000304102 0.00491674 5.40906e-05 0.000208692 0.00109615
6 0.99261 0.00050918 0.00489578 0.000413935 0.000376698 0.00119403
6 0.992057 0.000487033 0.00418779 0.000259281 0.000307487 0.00270098
6 0.992968 0.000309499 0.00293842 0.000702984 0.000438758 0.00264281
6 0.993627 0.00030452 0.00448083 4.97533e-05 4.0612e-05 0.00149749
6 0.992881 0.000484017 0.00492865 0.000224548 0.000373065 0.00110907
6 0.992245 0.000431732 0.00476198 0.000186006 0.000323202 0.00205245
6 0.995824 4.30842e-05 0.00138146 3.24224e-05 5.97192e-05 0.00265932
6 0.993434 0.000535415 0.00240836 6.47173e-05 0.000682402 0.00287487
6 0.994187 3.75671e-05 0.00491146 0.000218255 2.9552e-05 0.000615745
6 0.995162 0.000695079 0.00229007 0.000651319 0.000654982 0.000546436
6 0.991417 0.00103671 0.0046042 8.69938e-05 0.000366156 0.00248853
6 0.99413 0.000753076 0.00157055 5.5067e-05 0.000759475 0.00273148
6 0.993452 0.000642156 0.00265675 0.00012447 0.000242859 0.00288192
6 0.992531 0.00039633 0.00450563 5.98598e-05 7.86608e-05 0.00242822
6 0.996388 0.000304936 0.00037324 4.3013e-05 0.000247904 0.00264335
6 0.992581 0.000471989 0.00491825 0.000163023 0.000346418 0.00151919
6 0.995553 0.000647847 0.0010036 2.16761e-05 7.21066e-05 0.00270191
6 0.993669 0.000735477 0.0021667 0.000150049 0.000452012 0.0028272
6 0.994173 0.000107102 0.00248752 0.000329696 0.000157198 0.00274553
6 0.993957 0.000470209 0.00492169 0.000114421 7.27591e-05 0.000463675
6 0.99306 0.000522653 0.00300489 3.72852e-05 0.000378314 0.00299725
6 0.994563 0.000875315 0.00116081 0.000165325 0.00111967 0.00211563
6 0.992604 0.00035061 0.00329832 0.000351173 0.000388125 0.00300737
6 0.999298 5.26836e-05 0.000316918 7.27267e-06 2.799e-06 0.000322704
6 0.992306 0.000917615 0.00243029 0.000654633 0.000703795 0.00298783
6 0.992631 0.000361382 0.00376258 0.000126914 0.000143363 0.00297493
6 0.999239 8.16831e-06 0.000629282 1.73725e-06 2.33367e-06 0.000119325
6 0.994486 0.000251352 0.00249875 1.77261e-05 6.84447e-05 0.00267727
6 0.993097 0.000489867 0.00417905 0.00105401 0.000589179 0.000590755
6 0.992299 0.000490644 0.00481054 0.000151228 0.000308423 0.00194045
6 0.99827 8.6326e-06 0.00124314 6.31973e-05 4.72059e-06 0.000410273
0 0.00276691 0.96314 0.00610271 0.00198194 0.0209463 0.00506205
0 0.00248902 0.876492 0.0188039 0.0026026 0.0797996 0.0198127
0 0.000366142 0.875418 0.00100791 0.0105919 0.112239 0.000377023
0 0.00171353 0.880047 0.00085471 0.000743512 0.115095 0.00154565
0 0.00204126 0.86874 0.0152292 0.00300049 0.106492 0.00449692
0 0.00332294 0.876223 0.0214199 0.00748895 0.0857851 0.00575984
0 0.0015662 0.879719 0.00156747 0.00148483 0.114917 0.000745635
0 0.00115262 0.879689 0.00181609 0.0216958 0.0940332 0.00161375
0 0.000143597 0.880172 0.000550947 0.000149098 0.114938 0.00404565
0 0.000211907 0.875428 0.000456685 0.0118229 0.111445 0.000635242
0 0.0108857 0.925245 0.0139599 0.0106255 0.0336834 0.00560042
0 0.0110137 0.865728 0.0109055 0.0171559 0.0825237 0.0126727
0 0.000426664 0.882619 0.000463652 0.000453289 0.115335 0.000702214
0 0.000322217 0.881331 0.00042115 0.0022651 0.115248 0.00041314
0 0.00115065 0.881101 0.00116593 0.000612985 0.115244 0.000725764
0 2.40241e-05 0.882712 0.00078493 0.00104058 0.115343 9.51621e-05
0 0.00626188 0.875696 0.00864881 0.0207626 0.0852802 0.00335098
0 0.00144252 0.887598 0.0107668 0.0209573 0.077006 0.00222894
0 0.000976843 0.874224 0.00460285 0.00639399 0.11322 0.000582167
0 0.00826655 0.872003 0.00201252 0.000487454 0.111929 0.00530191
0 0.000692805 0.882154 0.000548411 0.000616535 0.115378 0.000610191
0 0.00125021 0.885617 0.00274418 0.0217845 0.0868419 0.00176242
0 0.000662952 0.876812 0.000371355 0.0079279 0.113517 0.000708321
0 0.000383523 0.876688 0.000735384 0.00846348 0.113326 0.000403588
0 0.0115783 0.919533 0.00847771 0.00365054 0.0473415 0.0094187
0 0.0129187 0.938406 0.00715372 0.00273075 0.0320207 0.00677012
0 0.000825341 0.87296 0.00229999 0.0123261 0.110754 0.000834977
0 0.000960267 0.878696 0.0046639 0.000439419 0.114577 0.00066318
0 0.015398 0.898404 0.014209 0.0185767 0.0504078 0.00300407
0 0.00424243 0.94811 0.00932831 0.00312207 0.022821 0.0123762
0 0.00154479 0.895203 0.00303423 0.0202704 0.0785229 0.00142446
0 4.62106e-05 0.883386 0.000732262 0.000324558 0.115487 2.35788e-05
0 0.000198231 0.882946 7.86696e-05 0.00125421 0.115498 2.47395e-05
0 0.005809 0.874154 0.00865857 0.00123421 0.0889272 0.0212167
0 0.00236846 0.864327 0.0145157 0.00770208 0.0947222 0.0163642
0 0.00189297 0.879508 0.0013735 0.00139889 0.11493 0.000896608
0 0.0112449 0.923963 0.0127876 0.00476853 0.0336105 0.0136258
0 0.000238742 0.882762 3.65743e-05 0.00136179 0.115504 9.63199e-05
0 0.000329344 0.880372 0.00121954 0.000844338 0.115177 0.00205718
0 0.00285499 0.884404 0.0211702 0.00167443 0.0841163 0.00577957
15 0.00331728 0.000917914 0.986974 0.00060253 0.00037326 0.00781461
15 0.00335714 0.000945609 0.989133 0.00276556 0.0012823 0.00251628
15 0.00164305 0.000991165 0.99243 0.000730931 0.00155008 0.00265516
15 0.0026462 0.000540043 0.988527 0.000286375 0.00032114 0.00767963
15 0.00341509 0.000391264 0.990209 0.00241931 0.000627179 0.00293784
15 0.0021909 0.00200527 0.987329 0.00105545 0.000566635 0.00685249
15 0.00311619 0.000396975 0.987831 0.000585405 0.000313833 0.00775697
15 0.00400472 0.00102775 0.985675 0.000848554 0.000439136 0.00800527
15 0.00441293 2.14066e-05 0.988001 0.00330446 1.50987e-05 0.00424487
15 0.00302496 0.000544445 0.986804 0.00134201 0.000510636 0.00777406
15 0.00321674 0.000184463 0.987589 0.00337488 0.000299358 0.00533539
15 0.00400476 0.000543433 0.985971 0.00101632 0.000453191 0.00801089
15 0.00173021 0.000744049 0.992959 0.000260363 0.00166504 0.00264127
15 0.00306666 0.000663165 0.987664 0.000513787 0.000359208 0.00773274
15 0.000734747 0.000549917 0.991222 0.00254018 0.00074867 0.0042049
15 0.00340155 0.0013304 0.986903 0.000468762 0.000246469 0.00764955
15 0.00174784 0.000613172 0.993807 0.000971198 0.00163097 0.00122993
15 0.00199053 0.00180564 0.989117 0.000763587 0.00126309 0.00505971
15 0.00201799 0.000541473 0.988188 0.00311415 0.000766414 0.00537224
15 0.00665964 0.00142758 0.984628 0.0012548 0.000598412 0.00543111
15 0.00216771 0.000267756 0.986929 0.00246499 0.000531696 0.0076387
15 0.00666711 0.000679304 0.983101 0.00151904 0.000602997 0.00743085
15 0.000807785 0.000596435 0.988718 0.00321476 0.000704409 0.00595864
15 0.00553123 0.000877668 0.982371 0.00297598 0.000989779 0.00725433
15 0.00353741 0.00112946 0.986322 0.000501184 0.000730307 0.0077797
15 0.00303684 0.000419099 0.988357 0.00282964 0.00111123 0.00424667
15 0.00118865 0.000498017 0.994143 0.00227432 0.000891987 0.00100402
15 0.00305243 0.00071414 0.986978 0.0013609 8.52181e-05 0.00780958
15 0.0037045 0.00191864 0.984833 0.00222208 0.00199738 0.00532413
15 0.00344424 0.00241625 0.985827 0.00123944 0.00139841 0.00567504
15 0.000876622 0.000612867 0.995182 0.00226776 0.000697961 0.000363236
15 0.00262621 0.000846511 0.989395 0.00274503 0.00101314 0.00337396
15 0.00104519 0.000735035 0.993946 0.000158642 0.00167302 0.00244174
15 0.0030346 3.17792e-05 0.987929 0.00123108 1.98783e-05 0.00775391
15 0.00517535 0.000579304 0.98594 0.00328965 0.0015162 0.00349931
15 0.00382601 0.00031952 0.990612 0.00270883 0.000556439 0.00197696
15 0.00606302 0.000266003 0.989246 0.000512712 7.29463e-05 0.00383936
15 0.00448297 0.000612685 0.986023 0.000645802 0.00018247 0.00805316
15 0.00130017 0.000836804 0.993224 0.000937612 0.00167493 0.00202645
15 0.00393885 0.00115581 0.985018 0.00141171 0.000458054 0.00801799
20 0.000634134 7.64408e-05 0.00273201 0.995881 7.97887e-05 0.000596732
20 0.000201617 0.00267689 0.000954573 0.992805 0.003068 0.000294165
20 0.000515573 0.00245267 0.00160853 0.992594 0.0024271 0.000402453
20 0.000641612 0.00243663 0.00274725 0.990913 0.0031406 0.000120749
20 0.000277713 0.00233449 0.00129812 0.993348 0.00241009 0.000331466
20 0.000527818 0.00193558 0.00297464 0.990178 0.00412534 0.000258177
20 0.000269378 0.000544363 0.000988075 0.996928 0.0012134 5.67218e-05
20 4.96656e-05 0.00125082 0.00303697 0.992966 0.0026497 4.72026e-05
20 0.000891013 0.000776306 0.0019326 0.99432 0.00136652 0.000713158
20 0.000392733 0.0023125 0.00214728 0.99284 0.00211023 0.00019735
20 0.000463848 0.00164728 0.00317426 0.991125 0.00244199 0.0011474
20 0.00100976 0.00151591 0.0022285 0.992568 0.00234303 0.000334628
20 0.000107102 0.0023301 0.00185895 0.99233 0.00210083 0.00127321
20 8.6011e-05 0.00158277 0.00299051 0.993535 0.00153558 0.00027056
20 0.000343883 0.000357282 0.00273919 0.996262 0.000241306 5.65841e-05
20 0.00031368 0.00133764 0.00343015 0.991384 0.00344966 8.44342e-05
20 0.000491809 0.00242509 0.00196928 0.992493 0.00212408 0.000496698
20 0.000271966 0.00130774 0.00296172 0.992758 0.00239852 0.00030193
20 0.000229055 0.00203018 0.00303774 0.991695 0.00250256 0.000505221
20 0.00100282 0.0022411 0.00289888 0.989513 0.00425029 9.42641e-05
20 9.96671e-05 0.000118389 0.00270437 0.996664 0.000357316 5.58195e-05
20 0.000577496 0.000912861 0.00282155 0.993294 0.00122039 0.00117356
20 0.000367686 0.002407 0.00183327 0.993229 0.00213153 3.16913e-05
20 0.000287406 0.00130582 0.00340958 0.990996 0.00336959 0.000632082
20 0.000540625 0.00225407 0.00268433 0.991249 0.00264069 0.000631245
20 0.00103218 0.00126372 0.00128602 0.99219 0.00399785 0.000229944
20 0.000658618 0.00166811 0.00328725 0.991272 0.00265417 0.000459481
20 0.0010832 0.000255047 0.00283651 0.992841 0.00277309 0.00021157
20 0.000388559 0.00145828 0.0023327 0.990643 0.00479834 0.000379436
20 0.00115412 0.00201718 0.00154838 0.990412 0.00380492 0.00106319
20 5.69277e-05 0.0020989 0.00114321 0.991781 0.00471937 0.000200323
20 0.0005702 0.000701039 0.00291867 0.993959 0.00162472 0.000226623
20 0.000338734 0.00110652 0.00281529 0.993149 0.00235522 0.000235622
20 0.000648968 0.000433435 0.0010126 0.995533 0.0022786 9.37829e-05
20 0.000318082 0.00236252 0.00235896 0.991978 0.00222124 0.000761238
20 0.000451351 0.00124592 0.00296244 0.992199 0.00175911 0.00138235
20 0.000360615 0.00175553 0.00341037 0.990449 0.00376825 0.000255769
20 0.000337199 0.00129166 0.0031487 0.991695 0.00275549 0.000771681
20 0.000143051 0.00182079 0.00127749 0.991713 0.0047716 0.000274025
20 0.000416479 0.00175147 0.00155764 0.991245 0.0047837 0.00024614
3 0.00212123 0.107757 0.0159797 0.00288587 0.869501 0.00175514
3 0.000582164 0.115639 0.000462001 0.00210286 0.880845 0.000368834
3 0.00149009 0.114421 0.00618557 0.0010212 0.875313 0.00156915
3 0.000396959 0.1063 0.0170001 0.00592265 0.86989 0.000490774
3 0.000394647 0.109936 0.000978696 0.000447099 0.874432 0.0138118
3 0.0024498 0.0710271 0.017297 0.00442958 0.902808 0.00198851
3 0.00261077 0.0719166 0.00398029 0.0193379 0.899936 0.00221832
3 0.000477838 0.115755 0.000899348 0.00146493 0.880809 0.000594174
3 0.00137395 0.0784209 0.00215749 0.0216269 0.895306 0.00111471
3 0.000108624 0.116051 6.32647e-05 0.000113199 0.883599 6.51245e-05
3 0.0029733 0.111337 0.00134814 0.0113034 0.872232 0.000805877
3 0.0010779 0.0784393 0.00266051 0.0216259 0.895053 0.00114372
3 0.00184901 0.0835334 0.0213894 0.00508049 0.8868 0.00134788
3 5.89712e-05 0.0915965 0.000159121 9.39266e-05 0.908077 1.41107e-05
3 0.000692283 0.115256 0.00062287 0.00453218 0.878461 0.000436388
3 0.000115426 0.0171973 0.000554744 0.00218886 0.979889 5.46196e-05
3 0.000289287 0.115314 0.00153698 0.00280245 0.878662 0.00139586
3 0.000302632 0.103814 0.0125484 0.017348 0.865608 0.000378569
3 0.000898061 0.115655 0.000378621 0.00159144 0.881253 0.000224705
3 0.0005222 0.113442 0.00141712 0.00297079 0.873852 0.00779621
3 0.00801591 0.0814757 0.00658207 0.0231647 0.879201 0.0015608
3 0.000423447 0.0496006 4.24048e-05 0.00037257 0.949461 9.98305e-05
3 0.000309353 0.0620144 0.000102618 0.000875026 0.936665 3.3586e-05
3 0.00385017 0.0710373 0.0172648 0.00272607 0.903097 0.0020243
3 0.00128604 0.0885812 0.0219013 0.00230637 0.88409 0.00183562
3 0.00039123 0.0985502 0.000458086 0.00160296 0.898813 0.000184563
3 0.000179505 0.232558 0.000200948 0.00136995 0.76556 0.000131668
3 0.000509719 0.115814 0.000418996 0.00105872 0.881601 0.000597844
3 3.00968e-05 0.115972 0.000246246 0.000291083 0.883271 0.000189787
3 0.00161475 0.0573785 0.00662238 0.0109385 0.921695 0.00175039
3 2.81096e-05 0.0825839 4.33765e-05 6.16325e-05 0.917094 0.000189071
3 0.00017973 0.115936 0.000374678 0.000607159 0.882756 0.000146198
3 0.000418581 0.104597 0.0152327 0.00272397 0.866022 0.0110052
3 0.000449759 0.115697 0.000464231 0.00200357 0.881125 0.00025989
3 0.00371 0.113929 0.000914818 0.00229313 0.873741 0.0054121
3 0.000250241 0.109071 0.0152357 0.00126222 0.873704 0.000476308
3 0.000346309 0.111278 0.0122493 0.00342159 0.872392 0.000312901
3 0.000504051 0.115801 0.000205062 0.00267577 0.88068 0.000134467
3 0.00195497 0.0794809 0.00022001 0.00105118 0.91671 0.000582992
3 0.000432583 0.114862 0.000654525 0.00633144 0.87707 0.00064898
17 0.00339062 0.000374136 0.00559897 0.000323883 0.000170149 0.990142
17 0.00270189 0.000504225 0.00994638 0.000245015 0.000142323 0.98646
17 0.00184861 0.000452129 0.0100515 0.000239551 0.000127304 0.987281
17 0.00181661 0.000521195 0.0100145 1.85449e-05 6.88343e-05 0.98756
17 0.00403462 0.000614523 0.00935972 0.000200826 0.00010876 0.985682
17 0.00411698 0.000625754 0.00924573 0.000148888 0.000139462 0.985723
17 0.00394445 0.00100268 0.00928954 0.00090806 0.000463683 0.984392
17 0.00335717 0.000513615 0.00630428 0.000272318 0.000144736 0.989408
17 0.00100042 0.00259817 0.00914841 0.000294713 0.000381723 0.986577
17 0.00401289 0.000228583 0.00937183 0.000260192 0.000148602 0.985978
17 0.00279012 0.00142985 0.00309274 0.000158311 0.00141971 0.991109
17 0.00249659 0.0030335 0.00770424 0.000185168 0.000362812 0.986218
17 0.00416818 0.000422014 0.00917107 0.000299816 0.000201571 0.985737
17 0.00350192 0.00244844 0.00856706 0.000244107 0.000427357 0.984811
17 0.00338402 0.000661196 0.00247611 0.000299172 0.000488832 0.992691
17 0.000921213 0.00178284 0.00449787 0.000170123 0.00125856 0.991369
17 0.00123446 0.00250519 0.00885128 0.000385565 0.00143262 0.985591
17 0.00372541 0.00079621 0.00958933 0.000125552 0.00019676 0.985567
17 0.00326664 0.00128791 0.004235 0.000592299 0.000175875 0.990442
17 0.00122727 0.00170686 0.00441223 0.000334671 0.00148086 0.990838
17 0.00143581 0.00142959 0.0021226 2.06752e-05 0.000944011 0.994047
17 0.0040644 0.000675284 0.00934021 0.00025258 0.000224357 0.985443
17 0.00448312 0.00151441 0.0076984 0.000208517 0.000689665 0.985406
17 0.000869699 0.000621348 0.00990247 5.96489e-05 7.36764e-05 0.988473
17 0.000286102 0.000103476 0.000641061 3.82674e-06 0.000155481 0.99881
17 0.00071581 0.000270314 0.00118549 1.42139e-05 0.00040973 0.997404
17 0.000443349 0.000774336 0.00202746 3.40858e-05 0.000472328 0.996248
17 0.00256462 0.00164435 0.00400847 0.000329416 0.00159155 0.989862
17 0.000375543 0.000837915 0.00383701 9.75083e-05 0.00107003 0.993782
17 0.00336972 0.000499896 0.00594518 0.000109796 4.5012e-05 0.99003
17 0.00420271 0.000101475 0.00619459 1.43498e-05 1.45913e-05 0.989472
17 0.000216543 4.62505e-05 0.00986722 0.00020081 5.40883e-05 0.989615
17 0.0020338 0.00132329 0.00712846 0.00070212 0.00222335 0.986589
17 0.0043419 0.000639179 0.00684785 6.49432e-05 7.34674e-05 0.988033
17 0.00254454 0.00157449 0.00455906 7.31015e-05 0.00171407 0.989535
17 0.00452716 0.000401321 0.00797629 0.000575815 0.000141049 0.986378
17 0.00445715 0.00140079 0.00832803 0.000318251 0.000227471 0.985268
17 0.00119115 0.00258917 0.00650141 0.000644369 0.000705165 0.988369
17 0.00441335 6.19364e-05 0.00714524 0.000223983 1.93779e-05 0.988136
17 0.0028206 0.00177976 0.00408006 3.66981e-05 0.00150438 0.989778
6 0.992606 0.000486969 0.00476393 0.000499704 0.000362122 0.00128128
6 0.994204 0.00135997 0.00184907 0.000130076 0.000453567 0.00200327
6 0.991753 0.0018752 0.00285823 0.00011048 0.000439907 0.00296337
6 0.991738 0.000409919 0.00349889 0.000917163 0.000417662 0.00301797
6 0.994374 0.000607996 0.00124884 0.000274829 0.000753299 0.00274078
6 0.993421 0.000486008 0.00429983 0.000998093 0.000428768 0.000366549
6 0.99438 0.00080101 0.00130132 0.000249811 0.00142692 0.00184051
6 0.991984 0.000526518 0.00433426 0.000142273 0.000379844 0.00263302
6 0.992101 0.000556582 0.00473839 0.000129965 0.000383013 0.00209116
6 0.991568 0.00107576 0.00376463 0.000129655 0.000270509 0.00319128
6 0.992167 0.000383959 0.00421184 0.000582491 0.000335755 0.00231852
6 0.992293 0.000375925 0.00371035 0.000345879 0.000345384 0.00292987
6 0.992128 0.000481629 0.00421737 0.000139748 0.000327092 0.00270657
6 0.994528 0.00113945 0.00232962 0.000448723 0.000853853 0.000700636
6 0.999065 0.000410905 0.000214235 7.29549e-06 0.00010841 0.000193772
6 0.994535 0.000571288 0.00114029 0.000288603 0.00112253 0.00234192
6 0.99279 0.000373048 0.00491919 0.000180769 0.000330947 0.00140558
6 0.992707 0.000492471 0.00340381 0.000124256 0.000215757 0.00305709
6 0.992195 0.000495087 0.00414387 9.34724e-05 0.000315005 0.00275715
6 0.997372 0.000237963 0.000926983 3.03952e-05 0.000213991 0.00121875
6 0.994812 2.76344e-05 0.00247118 1.34571e-05 1.49014e-05 0.00266062
6 0.989875 0.00131215 0.00468065 0.000735218 0.000583126 0.00281364
6 0.993536 0.000864136 0.00182436 0.000108124 0.000806914 0.00286002
6 0.992813 0.00149862 0.0026321 0.000165359 0.000592938 0.0022983
6 0.990909 0.00165888 0.00320563 0.0010807 0.000431709 0.00271419
6 0.997919 9.64523e-05 0.00100708 0.00042525 3.89056e-05 0.000512861
6 0.994124 0.000526978 0.00249968 0.000135613 4.74986e-05 0.0026663
6 0.994976 0.000783809 0.00133423 0.000215692 0.00151945 0.00117123
6 0.995578 0.000504741 0.00173794 0.000427748 0.000636845 0.00111476
6 0.994644 0.00129612 0.00123662 0.000113216 0.00108299 0.00162696
6 0.993746 0.000714757 0.00160853 0.000249957 0.000832797 0.00284838
6 0.992376 0.0004332 0.00480783 0.000386241 0.00030455 0.00169241
6 0.992225 0.00109719 0.00300609 0.000169696 0.000495256 0.0030066
6 0.99569 9.15253e-05 0.00244441 0.000539087 0.00047213 0.000762428
6 0.995553 0.000697485 0.000327804 3.39807e-05 0.000703821 0.00268386
6 0.992813 0.000408394 0.00447329 0.000912514 0.000326114 0.00106651
6 0.994535 0.000177083 0.00249039 6.74344e-05 6.20952e-05 0.00266795
6 0.995044 0.000625669 0.00107343 9.46596e-05 0.000428565 0.0027341
6 0.99411 0.000496161 0.00250802 3.01843e-05 0.000154744 0.00270103
6 0.992394 0.00125278 0.00187211 0.000176333 0.00190839 0.00239596
0 0.00180164 0.982829 0.00270304 0.00116957 0.00890662 0.00258981
0 0.00273239 0.877377 0.00307096 0.000951592 0.114525 0.00134267
0 0.000613115 0.882302 0.000311024 0.000944585 0.115404 0.000424886
3 0.000458842 0.437891 0.000118382 0.000267782 0.561067 0.000197134
0 0.00102935 0.873257 0.0140725 0.000874439 0.109258 0.00150863
0 0.00208488 0.877251 0.0031824 0.00128459 0.114463 0.00173404
0 0.000866941 0.875931 0.00073753 0.0088415 0.113109 0.000513685
0 0.000413607 0.877587 0.0029762 0.00353935 0.114397 0.00108646
3 0.000315531 0.329557 0.000468204 0.00130204 0.668118 0.000238807
0 0.000915754 0.933051 0.00622428 0.00043818 0.0530829 0.00628811
0 0.00582745 0.900225 0.0176281 0.00169248 0.0719006 0.00272612
0 0.00173866 0.867627 0.00804199 0.010657 0.108671 0.00326442
0 0.000278429 0.775622 0.000321298 0.00258685 0.220849 0.000342529
0 0.000768596 0.872685 0.00238586 0.0143021 0.109141 0.000718137
0 0.000882767 0.905799 0.00102998 0.0138843 0.0776738 0.000729919
0 0.00197712 0.91047 0.00363451 0.0153037 0.0670975 0.00151698
0 0.000485428 0.881454 0.00157091 0.000403908 0.115234 0.000851751
0 0.00039115 0.880156 0.000883428 0.00325614 0.114913 0.000399843
0 0.000437842 0.881129 0.000719592 0.00200849 0.115249 0.000456354
0 0.00104512 0.875445 0.00828734 0.00181854 0.113122 0.000282333
0 0.0131198 0.864952 0.00819374 0.00103377 0.106173 0.00652736
0 0.0011642 0.870518 0.00402299 0.00253531 0.110823 0.0109367
0 0.000122196 0.883066 2.07374e-05 0.00118909 0.115553 4.9203e-05
0 0.0213968 0.871342 0.00838717 0.00246894 0.0850937 0.0113113
0 0.00066394 0.881684 0.00138094 0.000736073 0.11524 0.000295245
0 0.00040573 0.87687 0.0016557 0.0054223 0.114032 0.00161431
0 0.000156611 0.881677 0.000294367 0.0023809 0.115253 0.000237942
0 0.00437984 0.887724 0.0200541 0.00112365 0.084956 0.00176217
0 0.00054093 0.882529 0.0001901 0.000771438 0.115424 0.000545234
0 0.000733689 0.882414 0.000643994 0.000168 0.115436 0.00060459
0 0.00291457 0.876563 0.00370863 0.00106959 0.114245 0.00149892
0 0.000664304 0.86989 0.00400776 0.0160831 0.106669 0.00268634
0 0.000703068 0.931041 0.00330679 0.00118999 0.0524881 0.0112707
0 0.0024033 0.87776 0.0210434 0.00131584 0.095309 0.00216889
0 0.000446002 0.901423 0.00153008 0.010547 0.085448 0.000606294
0 0.000531608 0.879938 0.00104353 0.00281025 0.11491 0.000766772
0 0.000636942 0.880052 0.000515904 0.00344358 0.114915 0.000436656
0 5.84634e-05 0.883615 8.29385e-05 0.000695732 0.115544 3.58166e-06
0 0.00628724 0.922132 0.00669572 0.000372893 0.0571567 0.00735548
0 0.000462201 0.881697 0.000530352 0.00127808 0.115301 0.000731395
15 0.00687554 0.00121474 0.983976 0.000745915 0.000384664 0.0068032
15 0.00166924 0.00100801 0.991498 0.00234707 0.00149035 0.00198738
15 0.00267079 0.000554565 0.988347 0.000561793 0.000104322 0.00776103
15 0.0032663 0.000423509 0.992002 0.00238924 0.000744691 0.00117454
15 0.00130886 0.00101754 0.993003 0.000945121 0.00149492 0.00223015
15 0.00141239 0.000690486 0.992673 0.000898124 0.00170053 0.00262548
15 0.00181795 0.00102834 0.990142 0.000710394 0.00232661 0.0039746
15 0.00359318 0.000531242 0.990365 0.0026301 0.000710813 0.00217002
15 0.000527672 0.000878557 0.993638 0.000886156 0.00157504 0.00249456
15 0.00552696 0.000626697 0.984245 0.00279095 0.000498332 0.00631242
15 0.00438851 0.000368549 0.985567 0.00116935 0.000424676 0.00808162
15 0.00587202 0.00124624 0.984422 0.000541155 0.000186489 0.00773187
15 0.0045081 0.00135392 0.983715 0.00189627 0.000506883 0.00802016
15 0.00621161 0.000518021 0.989425 0.00157174 0.00057851 0.00169521
15 0.00303817 0.000161026 0.987729 0.00121788 0.00012768 0.00772659
15 0.00167744 0.000840811 0.991676 0.00146052 0.00192782 0.00241711
15 0.00248274 0.000529207 0.987477 0.00159762 0.000161441 0.00775164
15 0.00104633 0.000624925 0.994091 0.00109211 0.00168137 0.00146444
15 0.00436193 5.70474e-05 0.986818 0.000695556 2.51535e-05 0.00804191
15 0.00614284 0.000589371 0.983481 0.00146193 0.000416737 0.00790844
15 0.00468171 0.000750988 0.988204 0.00309112 0.00142906 0.00184337
15 0.00403932 0.00111159 0.988635 0.00308561 0.000919843 0.00220832
15 0.00187515 0.000732646 0.985943 0.00249474 0.00154218 0.0074126
15 0.00316246 0.000636933 0.992286 0.00249591 0.000341719 0.00107673
15 0.00170594 0.00110027 0.9921 0.000832987 0.00152346 0.00273778
15 0.00590269 0.000357898 0.984707 0.000659031 0.000420383 0.0079527
15 0.00254939 0.000744579 0.991252 0.00250189 0.000442432 0.00250997
15 0.00510801 0.000388033 0.983735 0.00356588 0.000629139 0.00657374
15 0.00391979 0.000627375 0.986861 0.00315284 0.00175979 0.00367902
15 0.0016433 0.000884323 0.992516 0.000586741 0.00169907 0.00267051
15 0.00167331 0.000802171 0.993174 0.000983087 0.00165105 0.00171615
15 0.00569861 0.00134489 0.984137 0.000700165 0.000391327 0.00772764
15 0.00612851 0.000122799 0.985697 0.000178726 2.17688e-05 0.00785122
15 0.000711727 0.000630658 0.993933 0.000963696 0.00164426 0.00211635
15 0.00600734 0.000444494 0.98493 0.000576561 0.000153215 0.00788849
15 0.00671509 0.000279198 0.986701 0.000904823 0.0004679 0.00493201
15 0.00165455 0.000900443 0.992306 0.000958665 0.001618 0.00256248
15 0.000364804 0.000273483 0.991146 0.00171625 0.000132445 0.00636659
15 0.00184113 0.00118265 0.989217 0.00226378 0.00201511 0.00348071
15 0.00698217 0.000362988 0.98535 0.000686403 0.000341603 0.00627671
20 6.40707e-05 0.00213234 0.00207508 0.990951 0.00460425 0.000173513
20 0.00107978 0.00168882 0.0029876 0.991827 0.00209266 0.000324555
20 8.30586e-05 0.00250959 0.00199288 0.990652 0.00452293 0.000239598
20 0.00114473 0.00173828 0.000969555 0.991165 0.00449321 0.000489082
20 0.000466908 0.00213957 0.00171863 0.990523 0.00471995 0.000432165
20 0.000687693 0.00145351 0.00341302 0.99082 0.00340126 0.000224357
20 0.00136828 0.00203319 0.0030993 0.989448 0.00390454 0.000146368
20 0.000377694 0.00163467 0.00326982 0.992109 0.00241288 0.000195788
20 0.000263919 0.00107623 0.0027917 0.993247 0.00237578 0.000245329
20 0.000304724 0.000614853 0.00275183 0.995535 0.000534469 0.000259413
20 0.000443242 0.00141228 0.00295002 0.993308 0.00165433 0.000232603
20 0.000218972 0.00253027 0.00150093 0.992544 0.00261557 0.000590654
20 3.41304e-05 0.00230761 0.00128176 0.993843 0.00247364 5.99699e-05
20 0.000318246 0.0011861 0.00276979 0.994201 0.00126467 0.00026066
20 3.9701e-05 0.00243572 0.0019295 0.992696 0.00262173 0.000276852
20 7.93548e-05 0.00128907 0.00313322 0.992502 0.00274808 0.000248134
20 0.000609205 0.00203089 0.00126291 0.991131 0.0047065 0.000259888
20 0.000337766 0.00221247 0.00323148 0.990455 0.00358103 0.000182685
20 0.000750209 0.00108712 0.00176188 0.990969 0.00437385 0.00105751
20 0.00159376 0.00205403 0.00299991 0.989033 0.00360651 0.000713224
20 0.000449743 0.00230002 0.00197532 0.990345 0.00468492 0.000244958
20 0.000629214 0.00101829 0.00277986 0.991686 0.00292723 0.000959357
20 0.000429975 0.00110312 0.00301671 0.99251 0.00257917 0.000361175
20 0.00110753 0.000792315 0.00246493 0.990684 0.00435007 0.000601406
20 0.000580515 3.06756e-05 0.0026947 0.996558 0.000101883 3.43129e-05
20 5.11264e-05 0.0023675 9.13816e-05 0.994984 0.00247648 2.91094e-05
20 0.000955021 0.00251245 0.0016486 0.9918 0.00182268 0.00126142
20 0.00137106 0.00224615 0.00203508 0.99123 0.0019024 0.00121493
20 0.00110088 0.00153826 0.00217619 0.991099 0.00364785 0.000437905
20 0.000396275 0.00205737 0.00275303 0.992609 0.00184842 0.000335457
20 0.00078797 0.00142115 0.00297409 0.990429 0.00330227 0.0010858
20 7.33669e-05 0.00116243 0.00185729 0.991888 0.00475564 0.00026344
20 0.000209641 0.00154298 0.00162018 0.991541 0.00475579 0.000330385
20 0.000474358 0.00222602 0.00255094 0.992476 0.00162124 0.000651301
20 0.00017107 0.00183367 0.000454692 0.992753 0.00472721 6.01613e-05
20 0.000281673 0.00198861 0.00313748 0.991747 0.0024594 0.000385783
20 0.000722321 0.00117334 0.00304687 0.991918 0.00311125 2.82016e-05
20 0.000692208 1.93597e-05 0.0025775 0.996014 0.000116936 0.000580398
20 0.000661459 0.000310349 0.00302925 0.993526 0.00195758 0.000515472
20 0.00113286 0.00181572 0.00271998 0.992643 0.00127435 0.000414398
3 0.00154427 0.0664166 0.0151703 0.00649942 0.907689 0.00268043
3 0.00262264 0.0574269 0.00835587 0.00494119 0.924737 0.00191598
3 0.00187357 0.0869474 0.021789 0.0015375 0.884833 0.0030192
3 0.000532546 0.115616 0.00152469 0.00197471 0.880181 0.000170851
3 0.001236 0.0220522 0.00237408 0.00579339 0.968281 0.000262883
3 5.47553e-05 0.115578 4.37391e-05 0.00380468 0.880465 5.35401e-05
3 0.0015245 0.0667734 0.0148626 0.00332606 0.911222 0.00229189
3 0.000747895 0.115406 0.00255854 0.00203396 0.878863 0.000390312
3 0.000301817 0.11592 0.000197093 0.000635523 0.882747 0.000198869
3 0.000354068 0.115746 0.000582948 0.00252613 0.880675 0.000115565
3 0.000810497 0.0651018 0.000299527 0.000683371 0.932383 0.000721638
3 0.00057443 0.115839 0.000108195 0.00155025 0.881751 0.000177094
3 0.000169021 0.115799 0.000366937 0.00143973 0.882017 0.000207949
3 0.000353765 0.115725 0.000462551 0.00209747 0.881229 0.000132887
3 0.000375983 0.114456 0.00313503 0.00629404 0.87514 0.00059839
3 0.000654357 0.102833 0.000895592 0.0209931 0.874238 0.000385717
3 0.0110297 0.112234 0.000900644 0.000862205 0.87248 0.00249305
3 0.000375485 0.115474 0.000511128 0.00372405 0.879498 0.000417668
3 0.000952962 0.11583 0.00021147 0.00113522 0.881401 0.000469599
3 0.000411702 0.115313 0.000909479 0.00416177 0.878423 0.000781086
3 7.12843e-05 0.116079 9.79587e-05 0.000382539 0.88311 0.000258956
3 0.000158989 0.115391 0.000457283 0.00407482 0.879771 0.00014629
3 0.000643224 0.115801 0.000372857 0.00157151 0.881551 6.12854e-05
3 0.000506877 0.115037 0.0027644 0.0014709 0.877441 0.00277978
3 4.28926e-05 0.116034 4.96989e-05 0.000110675 0.88373 3.27515e-05
3 0.000446734 0.113714 0.000711333 0.00945964 0.875092 0.000576358
3 0.000699846 0.0146608 6.91824e-05 5.71772e-05 0.983862 0.000651233
3 0.000985234 0.100919 0.00432355 0.0063859 0.868699 0.0186875
3 0.000958946 0.114993 0.000820547 0.00105964 0.877787 0.00438046
3 0.000749127 0.0998994 0.0205266 0.00147543 0.874998 0.0023517
3 0.000247471 0.114364 0.00726895 0.000112537 0.877447 0.000560026
3 0.00198219 0.0581805 0.00890423 0.00356958 0.924459 0.0029043
3 0.000925185 0.0613676 0.00968645 0.0156243 0.911716 0.0006806
3 0.000598889 0.115672 0.000708583 0.00254997 0.880157 0.000313296
3 0.00186757 0.0995385 0.0202654 0.00676478 0.869714 0.00185002
3 0.000322501 0.472786 0.000439267 0.00117158 0.525112 0.000168352
3 0.00262365 0.0975996 0.0211648 0.00382914 0.872529 0.00225403
3 4.93614e-05 0.116061 2.42271e-05 0.000294413 0.883562 8.96692e-06
3 0.000475259 0.115789 0.00058365 0.00192542 0.880978 0.000248613
3 0.000773091 0.0967936 0.00290221 0.0227923 0.876018 0.000720675
17 0.00101204 0.00122089 0.00366897 0.000730074 0.00107872 0.992289
17 0.00336802 0.00070567 0.00264224 0.000134372 0.00061496 0.992535
17 0.00133034 0.00122535 0.00228353 0.000167474 0.00109184 0.993901
17 0.00340784 0.000767934 0.00283585 0.000377154 0.00065499 0.991956
17 0.00169159 0.00124844 0.00289917 0.000155001 0.000921228 0.993085
17 0.001786 0.000356881 0.00972891 0.00144504 0.000178598 0.986505
17 0.00425213 4.45587e-05 0.00903926 0.000126577 2.91199e-05 0.986508
17 0.00380007 0.00035322 0.00955813 8.0023e-05 1.1529e-05 0.986197
17 0.00200202 0.00154048 0.00492467 0.000131409 0.0011935 0.990208
17 0.00235689 0.00047719 0.00996164 7.97543e-05 0.000106181 0.987018
17 0.00328684 0.00138923 0.00359571 0.000256219 0.00161349 0.989858
17 0.00420511 0.00138817 0.00889213 0.000324168 0.000190151 0.985
17 0.0045052 0.00028036 0.00791028 4.45365e-05 2.15609e-05 0.987238
17 0.00304548 0.000194142 0.00986072 0.000499233 0.000167054 0.986233
17 0.00189941 0.00159567 0.00993973 0.000398926 0.000190937 0.985975
17 0.00173849 0.00119509 0.00377718 0.000388468 0.000901671 0.991999
17 0.00134064 0.00185312 0.00972211 0.000470244 0.000914411 0.985699
17 0.00209786 0.00200183 0.0046676 0.000210117 0.00113823 0.989884
17 0.00446713 0.000277908 0.0074208 5.04222e-05 4.95274e-05 0.987734
17 0.00244094 0.000587768 0.00995175 2.6926e-05 5.11196e-05 0.986941
17 0.00451016 0.000277289 0.00795683 5.58557e-05 5.3368e-05 0.987147
17 0.00335599 0.000507401 0.00629621 9.55282e-05 2.4694e-05 0.98972
17 0.00133997 7.29045e-05 0.00455475 2.39967e-05 1.53072e-05 0.993993
17 0.00325416 0.000483503 0.00983921 4.64584e-05 4.36455e-05 0.986333
17 0.00442754 0.000470353 0.00719501 0.000265236 0.000142267 0.9875
17 0.00181116 0.000102271 0.00973885 1.1052e-05 5.59641e-06 0.988331
17 0.00371495 0.000503494 0.00959447 0.000256497 0.000123091 0.985807
17 0.00430748 0.000572308 0.00674902 0.000305054 0.00013336 0.987933
17 0.00299313 0.00291087 0.00731602 0.00042669 0.000244524 0.986109
17 0.00088294 0.000887305 0.00350902 0.000315922 0.000941008 0.993464
17 0.000370119 0.000244147 0.00981681 4.54384e-05 3.17581e-05 0.989492
17 0.00241914 0.000433574 0.00994743 0.000467484 0.000135828 0.986597
17 0.00167145 0.000622536 0.0099392 0.000255981 0.00014399 0.987367
17 0.00322024 0.000495788 0.00985287 0.000193252 0.000201065 0.986037
17 0.00363238 0.00073594 0.00967409 0.000194427 0.000259033 0.985504
17 0.00135188 0.00125764 0.00951075 0.000367198 0.00158243 0.98593
17 0.00347686 0.000466886 0.00975256 0.000349032 0.000130792 0.985824
17 0.000399366 0.00159308 0.00971404 6.86898e-05 0.00106039 0.987164
17 0.00325989 0.00110421 0.00267196 0.000270319 0.000624288 0.992069
17 0.00274855 0.000492679 0.00129329 1.38069e-05 0.000300261 0.995151
6 0.992502 0.000465316 0.00490696 0.000216669 0.000321749 0.001587
6 0.997029 0.000465298 0.00051176 3.72896e-06 0.000187047 0.00180291
6 0.994984 0.000883602 0.00103792 0.000143738 0.00142962 0.00152101
6 0.993924 0.000125737 0.00483974 4.96067e-05 0.00032399 0.000736583
6 0.99258 0.00042246 0.00383056 0.000125322 9.84653e-05 0.00294355
6 0.995626 0.000837257 0.00117161 0.000145835 0.00151009 0.000709552
6 0.994427 0.000710865 0.00134948 2.33865e-05 0.000777952 0.00271179
6 0.99555 0.00072493 0.000877847 8.23232e-05 0.000101394 0.00266352
6 0.996545 1.28566e-05 0.00321171 7.25982e-06 1.14157e-05 0.000211294
6 0.994229 0.000508498 0.00247957 1.59386e-05 0.000115213 0.00265159
6 0.992312 0.000490767 0.00486794 0.000179308 0.000369423 0.00178018
6 0.993432 0.000391331 0.00279964 0.000141108 0.000329625 0.0029064
6 0.994117 0.000802881 0.00129084 0.000220886 0.000748603 0.00281961
6 0.993116 0.000851525 0.00324856 0.00107962 0.000684996 0.00101946
6 0.993421 0.000495534 0.00294851 3.60491e-05 0.000115265 0.00298384
6 0.992308 0.000418435 0.00472373 0.000393703 0.000336897 0.00181888
6 0.992723 0.000394179 0.00482275 0.000137542 5.09701e-05 0.00187166
6 0.995601 0.000198332 0.00113364 0.000266854 0.000307901 0.00249272
6 0.994031 0.000621433 0.00238651 4.6406e-05 0.000255538 0.00265909
6 0.992386 0.000418668 0.00372161 0.000160855 0.000326212 0.00298694
6 0.993506 0.000614835 0.0027956 3.00232e-05 0.000106527 0.00294705
6 0.990915 0.000987185 0.00412084 0.00141951 0.0011383 0.00141918
6 0.992135 0.000650353 0.00271798 0.000832737 0.000843015 0.00282115
6 0.992777 0.00141939 0.00148912 0.000405105 0.00105801 0.00285173
6 0.996182 2.34878e-05 0.00113504 5.76739e-06 7.15219e-06 0.0026465
6 0.993727 0.000527674 0.00348195 0.00104768 0.000462654 0.0007526
6 0.991908 0.00101332 0.00239681 0.000819323 0.00103392 0.00282817
6 0.993602 0.000503078 0.0026815 3.76112e-05 0.0003413 0.00283477
6 0.992226 0.000950879 0.00492249 0.000459049 0.000705249 0.000736189
6 0.993397 0.000576852 0.00262871 9.12397e-05 0.000478873 0.00282703
6 0.992974 0.000509629 0.00291383 0.000296382 0.000317225 0.00298908
6 0.992608 0.000410855 0.00490302 0.000147377 0.000318443 0.00161196
6 0.993875 0.0013379 0.00203032 0.00012618 0.000502639 0.00212805
6 0.992198 0.000434347 0.00442069 0.000391943 0.000350865 0.00220427
6 0.992386 0.000438355 0.00463881 0.000729857 0.000471782 0.00133503
6 0.990697 0.00146804 0.00359208 0.00134299 0.000473705 0.00242628
6 0.993955 0.000377128 0.00306945 0.000911943 0.000343209 0.00134371
6 0.995682 0.000671552 0.000205758 1.91693e-05 0.00074457 0.0026765
6 0.99374 0.000499412 0.00256953 0.00012495 0.00031668 0.00274952
6 0.99098 0.000844475 0.00399571 0.00133372 0.000545267 0.0023008
0 0.00201653 0.875376 0.0207597 0.00148587 0.0966518 0.00371039
0 0.000588378 0.874406 0.00660953 0.00307537 0.11334 0.00198092
0 0.00139971 0.880388 0.00102657 0.000361531 0.115031 0.00179322
0 0.0176725 0.913539 0.0102477 0.00727837 0.0420622 0.0092005
0 0.000775567 0.876246 0.00883412 0.000314653 0.112967 0.000862297
0 0.000345062 0.882097 0.000215844 0.00161675 0.115444 0.000281063
0 0.00196304 0.869429 0.0172104 0.0165235 0.0906562 0.00421808
0 0.000428842 0.882152 0.000208561 0.00133342 0.115451 0.000426613
0 0.000546146 0.882756 0.000507755 0.000422859 0.115445 0.000322364
0 6.87645e-05 0.892253 0.000156334 0.000976637 0.106256 0.000289346
0 0.00245824 0.971566 0.00404289 0.00333528 0.0158876 0.00271015
0 2.07366e-05 0.742102 8.62516e-05 0.000390503 0.25737 3.03451e-05
0 0.00203273 0.907531 0.00912204 0.0141439 0.0575217 0.00964885
0 0.00206308 0.875452 0.0213423 0.000834914 0.0893693 0.010938
0 0.00987675 0.867282 0.0047595 0.000948252 0.105597 0.0115357
0 0.000740826 0.879412 0.00316075 0.000849277 0.114861 0.00097646
0 0.000249418 0.881398 0.000493587 0.00221435 0.115276 0.000368813
0 0.00185704 0.873304 0.00268367 0.0200695 0.100377 0.00170817
0 0.000262887 0.789695 0.000403361 0.00139168 0.208079 0.000167669
0 0.000399716 0.882108 0.000623566 0.00119984 0.115303 0.000366408
0 0.000496182 0.875271 0.00671385 0.00272304 0.113454 0.00134113
0 0.000761741 0.876015 0.00806469 0.000229072 0.113202 0.00172703
0 0.000348093 0.882538 0.000354879 0.000854984 0.115429 0.00047443
0 0.0181672 0.9058 0.0117632 0.00984374 0.0512537 0.00317236
0 0.0170392 0.880625 0.00436297 0.000857735 0.0767486 0.0203668
0 0.00525175 0.869087 0.0127084 0.000663042 0.109207 0.00308256
0 0.00147818 0.875926 0.020493 0.000538988 0.0968042 0.00475988
0 0.00252864 0.928649 0.00927347 0.0121562 0.0443955 0.00299701
0 0.00025005 0.880508 7.26522e-05 0.00416529 0.11492 8.42707e-05
0 0.00614594 0.866932 0.00833044 0.0202363 0.0955551 0.00280034
0 0.00250684 0.876615 0.00308491 0.00211211 0.114069 0.00161222
0 0.00508641 0.900174 0.0187815 0.00828478 0.0543462 0.0133272
0 0.000464668 0.879373 0.000201865 0.00526651 0.114558 0.000135829
0 0.0011642 0.874042 0.00075948 0.0139667 0.109704 0.000363977
0 8.25633e-05 0.8809 0.000503174 0.0029535 0.115141 0.000419716
0 0.00946462 0.865553 0.00989038 0.000270794 0.106279 0.00854244
0 0.00463123 0.877518 0.00302203 0.0219255 0.0907043 0.00219846
0 0.00774939 0.901992 0.00733968 0.0160763 0.0643683 0.00247422
0 0.0105342 0.938809 0.00681067 0.00440074 0.0334694 0.00597578
0 0.000697152 0.879794 0.00110644 0.00094429 0.114982 0.00247609
15 0.00317519 0.000330263 0.986239 0.00353321 0.000244518 0.00647741
15 0.00148811 0.000776912 0.992067 0.00243316 0.000826789 0.00240812
15 0.00137556 0.000800401 0.992104 0.00186708 0.0018087 0.00204437
15 0.00313623 0.000295245 0.988271 0.000445825 0.000110932 0.00774113
15 0.00303228 0.000313969 0.988128 0.000417875 0.00039801 0.00770955
15 0.00550738 0.0008814 0.984523 0.00255897 0.000518428 0.00601096
15 0.00371069 0.000597891 0.989637 0.0028764 0.00128232 0.00189551
15 0.0015523 0.0012708 0.990806 0.0012664 0.00135818 0.00374659
15 0.00359849 0.000812869 0.989338 0.00285882 0.00101955 0.00237196
15 0.000785478 0.00109277 0.992972 0.00144272 0.00161654 0.00209094
15 0.00201066 0.00108912 0.99043 0.00255298 0.00149266 0.00242505
15 0.00350417 0.00074108 0.986418 0.000872618 0.000580763 0.00788288
15 0.00258407 0.000999677 0.990492 0.00253105 0.00108857 0.00230486
15 0.000995765 0.000538137 0.99409 0.000602918 0.0016098 0.00216381
15 0.00161147 0.000637088 0.99259 0.000927935 0.00165669 0.00257644
15 0.00349362 0.00160392 0.985183 0.00159343 0.000520539 0.00760535
15 0.00653073 0.000617125 0.988505 0.000112445 2.97717e-05 0.00420466
15 0.00115374 0.000548622 0.989677 0.000520489 0.000409751 0.00769052
15 0.00512872 0.0021194 0.985914 0.000671611 0.00104204 0.00512442
15 0.00413297 0.000357203 0.987842 0.0031107 0.000537683 0.00401983
15 0.0016074 0.000456419 0.993112 0.00236941 0.00114878 0.00130648
15 0.000779485 0.000788208 0.98853 0.00176993 0.000462917 0.00766963
15 0.00230609 0.0016333 0.989219 0.000576193 0.00181787 0.00444742
15 0.00120541 0.000562167 0.988513 0.00175246 0.000231734 0.00773504
15 0.00278123 0.00133411 0.986151 0.00329044 0.00127267 0.00517077
15 0.0016056 0.00130933 0.9915 0.00171373 0.00102436 0.00284731
15 0.00342265 0.000846517 0.989095 0.00252396 0.000649563 0.00346211
15 0.00164525 0.0007743 0.993106 0.000935209 0.00167908 0.00186
15 0.00626566 0.000740193 0.9882 0.00040525 0.000359513 0.00402967
15 0.00561766 0.000460613 0.983644 0.00347071 0.000176858 0.00662991
15 0.00131883 0.000915717 0.990818 0.00156079 0.00198851 0.00339845
15 0.00304397 0.000549593 0.987796 0.000345958 0.000558197 0.0077064
15 0.00180049 0.000776395 0.99191 0.00232307 0.000976485 0.00221353
15 0.00338937 0.000335359 0.987961 0.000391924 0.000110536 0.00781166
