labels 6 0 15 20 3 17
6 0.990989 0.000352443 0.00587829 0.000169053 0.000141608 0.00246981
6 0.988556 0.00031576 0.00712772 0.000428399 0.000307721 0.00326408
6 0.986897 0.000352239 0.00909974 8.79996e-05 0.000238286 0.00332458
6 0.991821 0.00016781 0.00553329 0.000129195 0.000183958 0.00216486
6 0.998832 8.84409e-05 0.000593025 4.29178e-05 0.000115748 0.000327857
6 0.987089 0.000267602 0.00819731 0.000745058 0.000270204 0.00343065
6 0.99259 0.000619054 0.00429293 0.000573954 0.000642124 0.00128153
6 0.987259 0.000138325 0.00918879 1.98217e-05 9.6612e-05 0.00329783
6 0.987717 0.000287988 0.0109863 0.000175515 0.0001773 0.000655923
6 0.985788 0.000674566 0.0107979 0.0011212 0.000335684 0.00128231
6 0.986885 0.000303926 0.00862797 0.000521446 0.000269843 0.00339152
6 0.988502 0.000234979 0.00663249 0.00109837 0.000440145 0.00309214
6 0.990156 9.19932e-05 0.00737473 3.33521e-05 2.66668e-05 0.00231773
6 0.986755 0.000300788 0.0109646 0.000434244 0.000333692 0.00121142
6 0.986529 0.000302244 0.0108595 0.000275361 0.000272556 0.0017617
6 0.992734 5.13342e-05 0.00484966 7.09692e-05 6.28764e-05 0.00223086
6 0.988681 0.000834809 0.00626208 9.66375e-05 0.00114501 0.0029807
6 0.986707 4.60673e-05 0.0107325 0.000578704 4.13461e-05 0.00189397
6 0.991286 0.00103169 0.00557983 0.00107234 0.000568849 0.000461024
6 0.986261 0.00122812 0.00918942 0.000115269 0.000458449 0.00274823
6 0.992555 0.000485594 0.00373653 0.000119452 0.000875779 0.00222752
6 0.989356 0.000385582 0.00672178 0.000168637 0.000299507 0.00306825
6 0.98765 0.000184384 0.00838168 0.000250552 0.000112726 0.00342103
6 0.99617 0.00028518 0.000892188 9.45609e-05 0.000468573 0.00208996
6 0.986782 0.000310064 0.010973 0.000251742 0.000296652 0.00138665
6 0.995839 0.00033488 0.00229786 4.7566e-05 0.000126423 0.00135431
6 0.989468 0.00104167 0.00594189 0.000257528 0.00057405 0.00271647
6 0.990395 9.89488e-05 0.00609053 0.00048335 0.000237317 0.00269444
6 0.987966 0.000288819 0.01102 0.000240878 6.70408e-05 0.000416776
6 0.99017 0.000826004 0.00583459 8.42959e-05 0.000587595 0.00249773
6 0.993558 0.000641661 0.00272294 0.00032201 0.00131608 0.0014391
6 0.986564 0.000256725 0.00914719 0.00063537 0.000306971 0.00308958
6 0.99834 4.8746e-05 0.00133671 1.24213e-05 5.1829e-06 0.000256838
6 0.986583 0.000789997 0.00700919 0.00133449 0.000894157 0.00338961
6 0.989407 0.00020367 0.00685845 0.000208379 0.000193335 0.00312896
6 0.996286 6.61983e-06 0.00338103 4.19816e-06 2.69085e-06 0.000319324
6 0.991856 0.000153401 0.00561306 5.02587e-05 9.16985e-05 0.00223575
6 0.988711 0.00034208 0.0079933 0.00216873 0.000513642 0.000271421
6 0.98707 0.000288443 0.00874964 0.000214235 0.000263696 0.00341356
6 0.990536 3.86621e-05 0.00746253 0.000436656 2.70838e-05 0.0014988
0 0.00366967 0.947595 0.00772336 0.00268107 0.0311146 0.00721615
0 0.00267945 0.848037 0.0213487 0.00275052 0.104378 0.0208069
0 0.000330424 0.857412 0.00114911 0.0108898 0.129841 0.000377505
0 0.000749331 0.863845 0.000915301 0.000423317 0.13298 0.00108692
0 0.00115368 0.852439 0.0235327 0.00403394 0.114332 0.00450852
0 0.00382255 0.885334 0.0193816 0.00818849 0.074406 0.00886695
0 0.00153363 0.860082 0.00277587 0.00219608 0.132261 0.00115226
0 0.000413642 0.861075 0.000828718 0.00467546 0.132459 0.000547891
0 4.13312e-05 0.864395 0.000128679 2.2787e-05 0.133177 0.00223532
0 0.000114255 0.861842 0.000433255 0.00456878 0.132516 0.000526119
0 0.0151385 0.911483 0.0179119 0.0131196 0.0345756 0.00777139
0 0.0123545 0.843069 0.0154828 0.016202 0.105051 0.00784063
0 0.000223537 0.865162 0.000700109 0.000178934 0.133195 0.000541176
0 0.000243135 0.864577 0.000436183 0.00111823 0.13322 0.000406208
0 0.000924123 0.859953 0.00557731 0.000464218 0.132117 0.000963688
0 8.69566e-06 0.865763 0.000354777 0.000399714 0.133399 7.45277e-05
0 0.00793976 0.855558 0.00818163 0.0247134 0.0990288 0.00457879
0 0.000424582 0.853115 0.00503697 0.0129452 0.127547 0.000931675
0 0.000639237 0.857313 0.00275609 0.00736021 0.131165 0.000767136
0 0.0089284 0.851824 0.00353268 0.000429344 0.127446 0.00783942
0 0.000396492 0.864836 0.00074049 0.000251744 0.133231 0.000544387
0 0.000539925 0.856596 0.00191651 0.0102962 0.12992 0.000731959
0 0.000387949 0.86064 0.000428185 0.00593264 0.132082 0.000529174
0 0.000367703 0.862992 0.000859451 0.00249801 0.13289 0.000392968
0 0.0179049 0.889828 0.00541793 0.00317566 0.0766445 0.00702943
0 0.0204121 0.905532 0.0133438 0.00312698 0.0470595 0.0105253
0 0.000635338 0.855423 0.0028037 0.010817 0.129396 0.000924839
0 0.00107961 0.855466 0.0137362 0.000498043 0.128203 0.00101687
0 0.0152487 0.889861 0.0112944 0.0186063 0.0614454 0.00354374
0 0.00516617 0.938595 0.0105367 0.00375554 0.0260719 0.015875
0 0.00109794 0.86125 0.00454014 0.0248239 0.107043 0.00124536
0 3.55724e-05 0.865997 0.000285672 0.000207115 0.133463 1.18183e-05
0 0.000177265 0.865734 9.68355e-05 0.000574519 0.1334 1.76243e-05
0 0.00558804 0.878615 0.00656055 0.00131865 0.0856951 0.0222227
0 0.00237558 0.854207 0.0133255 0.00820689 0.0981987 0.0236867
0 0.00259342 0.856265 0.00692244 0.00139804 0.13114 0.00168078
0 0.0101824 0.923695 0.0117351 0.00541461 0.0333363 0.0156362
0 7.35022e-05 0.866083 2.7386e-05 0.000345755 0.133414 5.71497e-05
0 0.000206651 0.862642 0.00115489 0.000509784 0.132795 0.0026916
0 0.00421357 0.902818 0.0137248 0.00287276 0.0678555 0.00851575
15 0.00593354 0.00121061 0.979142 0.000888052 0.000342557 0.0124833
15 0.0057943 0.00167684 0.9827 0.00413953 0.00182805 0.0038609
15 0.00320226 0.00201749 0.987807 0.00114063 0.00151709 0.00431537
15 0.00483315 0.00105437 0.98091 0.000450302 0.000300135 0.0124521
15 0.00650584 0.000879135 0.983213 0.00344867 0.00107211 0.00488142
15 0.00415499 0.00296058 0.978664 0.00160345 0.000588191 0.0120291
15 0.00415141 0.00081222 0.981188 0.00109032 0.000312061 0.0124462
15 0.00716076 0.00211658 0.975915 0.00133827 0.000498767 0.0129702
15 0.00709047 8.43898e-05 0.980694 0.00462367 5.34947e-05 0.00745446
15 0.00494967 0.00107091 0.978639 0.00230041 0.000519385 0.0125203
15 0.00560174 0.000376277 0.979527 0.00524938 0.000170746 0.00907502
15 0.00592344 0.000968826 0.978554 0.0016169 0.000425427 0.0125115
15 0.00306405 0.00174686 0.988764 0.000439047 0.00166235 0.00432324
15 0.00607008 0.00100043 0.979225 0.000875978 0.000315313 0.0125135
15 0.000613749 0.000797589 0.986691 0.00388136 0.00107804 0.00693796
15 0.00553565 0.00283929 0.978703 0.000431766 0.000159514 0.0123308
15 0.00334124 0.00141666 0.989672 0.00144547 0.00161881 0.00250559
15 0.00178112 0.00333141 0.983966 0.0013278 0.00131246 0.00828152
15 0.00377469 0.000735946 0.982594 0.00428281 0.000998313 0.007614
15 0.0131855 0.00172456 0.971317 0.00239365 0.000979596 0.0104001
15 0.00437925 0.000519976 0.97852 0.00346432 0.00061906 0.0124975
15 0.00946949 0.00128446 0.973664 0.00154463 0.000684158 0.0133536
15 0.000671589 0.00091151 0.984001 0.00465574 0.00100681 0.00875306
15 0.0111308 0.00208952 0.970005 0.00359225 0.00170814 0.0114746
15 0.00616058 0.00167333 0.977344 0.00066663 0.00122227 0.0129336
15 0.00467304 0.000787138 0.981895 0.00420089 0.00127694 0.00716696
15 0.00530115 0.00121142 0.984822 0.00346696 0.00139129 0.00380685
15 0.00232432 0.00170545 0.983046 0.00289535 0.000173351 0.009856
15 0.00471775 0.00299231 0.978116 0.00367691 0.00287199 0.00762465
15 0.00571645 0.0041026 0.975498 0.00143713 0.00217459 0.0110707
15 0.00332681 0.00125392 0.990098 0.00334424 0.000985404 0.000991856
15 0.00572415 0.00129656 0.983761 0.00390242 0.00151885 0.00379751
15 0.00190589 0.00152195 0.991965 0.00023339 0.00157436 0.00279918
15 0.00380716 6.48903e-05 0.981839 0.00173973 4.25343e-05 0.0125064
15 0.00686332 0.00106408 0.978832 0.00466867 0.00199104 0.00658093
15 0.00626295 0.000486026 0.985894 0.00345319 0.00061989 0.00328389
15 0.0121405 0.00044081 0.979709 0.00146929 6.50437e-05 0.00617515
15 0.0114577 0.00176801 0.972545 0.00106658 9.34595e-05 0.0130696
15 0.00284783 0.0016973 0.990072 0.00130357 0.00164401 0.00243501
15 0.00573824 0.0015869 0.977134 0.00233944 0.000462978 0.0127386
20 0.000869427 8.70975e-05 0.00387802 0.994577 8.12077e-05 0.000507018
20 0.000271661 0.00146627 0.00145312 0.994939 0.00153748 0.000332352
20 0.000353549 0.00141592 0.0024781 0.993974 0.00133641 0.000442272
20 0.000573488 0.000951239 0.004041 0.993099 0.00114481 0.00019075
20 0.000338687 0.00134567 0.00171772 0.994903 0.00129603 0.000399319
20 0.00108829 0.00163125 0.00336724 0.991426 0.00221682 0.000270461
20 4.15205e-05 6.56415e-05 0.00182635 0.997818 0.000176349 7.18886e-05
20 4.34134e-05 0.000706993 0.00397194 0.994124 0.00111503 3.84606e-05
20 0.0012353 0.000414301 0.00292669 0.993858 0.00072841 0.00083744
20 0.000424232 0.00131945 0.00251572 0.994676 0.000718016 0.000346236
20 0.000603986 0.00160402 0.00345233 0.991802 0.00146287 0.00107503
20 0.0011681 0.0017815 0.00368825 0.9916 0.00133332 0.00042914
20 0.00028046 0.00129784 0.00246084 0.993373 0.00123465 0.00135321
20 0.000221577 0.00110412 0.00343267 0.993979 0.000910599 0.000351853
20 0.000591101 0.000133168 0.00386853 0.995243 8.88501e-05 7.57948e-05
20 0.000445704 0.000999323 0.00315929 0.992742 0.00257691 7.69736e-05
20 0.000418793 0.00128932 0.00297869 0.994276 0.000498103 0.000539209
20 0.000324606 0.00078372 0.00407151 0.992751 0.0016871 0.00038213
20 0.000297934 0.00124014 0.00314534 0.993124 0.0016194 0.000573289
20 0.000718137 0.000489053 0.00305111 0.993918 0.00172527 9.82012e-05
20 0.000250946 5.30835e-05 0.0038349 0.995603 0.000158514 9.94984e-05
20 0.0014564 0.000949468 0.00384973 0.991574 0.000863555 0.00130653
20 0.000438566 0.0013302 0.00224145 0.995208 0.000750722 3.06113e-05
20 0.000368516 0.000800146 0.00332403 0.992319 0.00263814 0.000550509
20 0.000441867 0.00133349 0.00313303 0.992722 0.00196743 0.000402082
20 0.000531779 0.00103055 0.00169553 0.994203 0.00233937 0.000200039
20 0.00129125 0.00187659 0.00277057 0.991086 0.00235703 0.000619041
20 0.00132443 0.000237765 0.00263931 0.993276 0.00221355 0.000309173
20 0.000455895 0.000804981 0.00243382 0.993503 0.00238074 0.00042167
20 0.00142657 0.00104497 0.00274066 0.991153 0.00224933 0.00138515
20 8.84722e-05 0.00100425 0.00139524 0.994947 0.00230199 0.000262747
20 0.000794852 0.000308367 0.00388506 0.994395 0.000354604 0.000262168
20 0.000389758 0.000623888 0.0039979 0.993368 0.00135132 0.000268834
20 0.000792195 0.000707872 0.00202403 0.994168 0.0020978 0.000209608
20 0.000416134 0.00128392 0.00308621 0.993701 0.000777696 0.000734772
20 0.000447662 0.000723466 0.00410806 0.992682 0.00107835 0.000960148
20 0.000482998 0.00100139 0.00348582 0.992261 0.00244046 0.000328227
20 0.000448515 0.000757583 0.00412271 0.992478 0.00146365 0.000729227
20 0.000368224 0.000859774 0.00142415 0.994668 0.0022926 0.000387398
20 0.000512866 0.00106234 0.00205643 0.993593 0.00248306 0.00029269
3 0.00183809 0.122743 0.0208998 0.00259317 0.84965 0.00227663
3 0.000356845 0.135806 0.000321323 0.000884889 0.862356 0.000275567
3 0.00136671 0.132459 0.0101978 0.000657674 0.852962 0.00235691
3 0.000174266 0.133528 0.0057436 0.0062705 0.854045 0.000239019
3 0.000153902 0.133418 0.00109297 0.000156286 0.856491 0.00868784
3 0.00185614 0.10303 0.0256913 0.00304288 0.864536 0.00184457
3 0.00373121 0.0822905 0.00565166 0.0206009 0.884485 0.0032406
3 0.000295489 0.135799 0.00041156 0.000529383 0.862577 0.000387086
3 0.00142147 0.0932161 0.00337443 0.0242688 0.876279 0.00144005
3 1.29253e-05 0.0601856 8.11313e-05 1.96105e-05 0.939681 1.99947e-05
3 0.00180794 0.133425 0.00281089 0.00680995 0.854167 0.000979031
3 0.000782987 0.107566 0.00272122 0.0258011 0.862206 0.000922741
3 0.00241679 0.086868 0.02236 0.00492626 0.881213 0.00221638
3 4.93785e-05 0.135919 0.000306743 5.35823e-05 0.863652 1.96059e-05
3 0.000713078 0.134447 0.00105332 0.00627351 0.856756 0.000757372
3 0.000254073 0.0300481 0.00135347 0.00252199 0.965663 0.000159399
3 7.93779e-05 0.134947 0.00294099 0.00216371 0.858788 0.00108098
3 0.000161755 0.129501 0.0056133 0.0143874 0.85007 0.000267261
3 0.00204088 0.135053 0.000795916 0.00128965 0.85913 0.0016907
3 0.000321541 0.135682 0.000702211 0.000949143 0.861482 0.0008624
3 0.00800891 0.0758806 0.00726694 0.0187733 0.887356 0.00271434
3 8.94082e-05 0.0747571 1.77622e-05 4.10559e-05 0.92505 4.50585e-05
3 9.83895e-05 0.135968 0.000214822 0.000333836 0.863362 2.31956e-05
3 0.00328239 0.10192 0.025649 0.00188977 0.865419 0.00183997
3 0.00201205 0.0807228 0.0195895 0.00343943 0.890703 0.00353341
3 8.76685e-05 0.135902 0.000388592 0.000637274 0.862889 9.51992e-05
3 0.000172042 0.219012 0.000147183 0.000581783 0.779995 9.17491e-05
3 0.000348284 0.135735 0.000721348 0.000434588 0.862219 0.00054129
3 2.07711e-05 0.136041 0.000323163 0.000118983 0.863382 0.000113901
3 0.00191367 0.0663024 0.0100925 0.0125745 0.906765 0.00235152
3 1.4971e-05 0.0731131 9.3881e-05 4.16229e-05 0.926521 0.000215477
3 9.96289e-05 0.135826 0.000443805 0.000474924 0.863009 0.00014624
3 0.000374522 0.124299 0.0120854 0.00209411 0.845138 0.0160084
3 0.00024622 0.135738 0.000479265 0.00092722 0.862411 0.000198319
3 0.00245309 0.133681 0.00130324 0.00233304 0.854461 0.00576855
3 0.00047739 0.122035 0.0216631 0.000947252 0.854033 0.000844129
3 0.000805281 0.113433 0.0247918 0.00302997 0.856876 0.0010637
3 7.39966e-05 0.135292 0.000430484 0.00381596 0.86031 7.80009e-05
3 0.00181515 0.0634769 0.000167238 0.000232247 0.933947 0.000361743
3 0.000352617 0.133615 0.000701429 0.00866469 0.856046 0.000620769
17 0.00417218 0.000332175 0.0100808 0.000791304 0.000120236 0.984503
17 0.00136305 0.000466863 0.0146423 0.000337 0.000108708 0.983082
17 0.00074579 0.00027583 0.0145936 0.000149707 4.40112e-05 0.984191
17 0.00125094 0.000428321 0.0146437 3.09805e-05 6.13446e-05 0.983585
17 0.00336452 0.000507923 0.0141731 0.000232147 6.13575e-05 0.981661
17 0.00382005 0.000591123 0.0137847 0.000166115 0.00011449 0.981523
17 0.00381512 0.000912749 0.0133621 0.00137024 0.000794297 0.979746
17 0.00384931 0.00046722 0.00935622 0.000347058 0.000113201 0.985867
17 0.00071052 0.00307637 0.0133585 0.000378726 0.000521569 0.981954
17 0.0031874 0.000137257 0.0142843 0.00037733 6.55844e-05 0.981948
17 0.00214426 0.00155021 0.00496318 0.000236524 0.00142106 0.989685
17 0.00140288 0.00245643 0.0136486 0.000189123 0.000463906 0.981839
17 0.00338951 0.000358046 0.0141575 0.000384288 0.000139442 0.981571
17 0.00310322 0.00245707 0.0132902 0.000444197 0.000439408 0.980266
17 0.00260231 0.000584833 0.00383427 0.000401707 0.000481063 0.992096
17 0.000357068 0.00153381 0.00589139 0.000211139 0.000944808 0.991062
17 0.000775112 0.00300591 0.012442 0.000387414 0.00210504 0.981285
17 0.00173588 0.00058544 0.014609 0.000122527 0.000161367 0.982786
17 0.00415511 0.00142713 0.00977951 0.00161946 0.000328394 0.98269
17 0.00097277 0.00118602 0.00510876 0.000481113 0.000991696 0.99126
17 0.000991426 0.00246555 0.00696616 2.97067e-05 0.00122052 0.988327
17 0.00401923 0.000639289 0.0135416 0.000418007 0.000193139 0.981189
17 0.00369881 0.000830888 0.0138994 0.000250593 0.000307805 0.981012
17 0.00035161 0.000554938 0.0145617 6.95569e-05 4.74677e-05 0.984415
17 0.000152685 0.000100559 0.001218 1.17239e-05 0.000126779 0.99839
17 0.00030135 0.000206283 0.00149403 1.66434e-05 0.000247089 0.997735
17 0.000328583 0.000763401 0.00209538 7.14757e-05 0.000642447 0.996099
17 0.00199957 0.00151824 0.00617994 0.000443572 0.00151094 0.988348
17 0.000729815 0.00129923 0.00619165 0.000137896 0.00120041 0.990441
17 0.00379736 0.000418134 0.00924964 0.000187645 4.49654e-05 0.986302
17 0.00290055 9.8866e-05 0.00982517 1.35101e-05 1.13385e-05 0.987151
17 0.00136454 1.9821e-05 0.0144848 0.000184195 2.92935e-05 0.983917
17 0.00142867 0.00126011 0.00707286 0.00103252 0.00149423 0.987712
17 0.00306836 0.000681208 0.014313 3.07398e-05 3.44342e-05 0.981872
17 0.00141612 0.00117497 0.00544033 7.41838e-05 0.00117492 0.990719
17 0.00410464 0.000403151 0.0132247 0.0012789 0.000114467 0.980874
17 0.00373961 0.000994825 0.0138303 0.00036977 0.000178536 0.980887
17 0.000973887 0.00323667 0.010386 0.00111554 0.000862098 0.983426
17 0.00331314 2.78097e-05 0.0141988 0.000202393 7.32207e-06 0.982251
17 0.00200402 0.00214625 0.00767146 6.59591e-05 0.00213894 0.985973
6 0.986279 0.000302087 0.0100632 0.0015631 0.000297156 0.00149598
6 0.990072 0.00203302 0.00568419 0.000184203 0.000388003 0.00163871
6 0.987142 0.00114731 0.0077181 0.000149427 0.00039344 0.00344947
6 0.987777 0.000367925 0.00640956 0.00166868 0.000538363 0.00323815
6 0.992068 0.000707494 0.00330569 0.000645527 0.000979183 0.00229401
6 0.98781 0.000258742 0.00910405 0.00218181 0.000375024 0.000270776
6 0.993088 0.000496363 0.00264106 0.000400962 0.00102016 0.00235345
6 0.987302 0.000371155 0.00832579 0.000171073 0.000368651 0.00346148
6 0.9862 0.000385296 0.0106464 0.000208564 0.000409207 0.00215079
6 0.989418 0.000377297 0.00667851 0.000182994 0.000302362 0.00304108
6 0.985992 0.000309537 0.00825001 0.00216388 0.000339888 0.00294448
6 0.987449 0.000266372 0.00800077 0.000603827 0.000280309 0.00340003
6 0.986363 0.000332783 0.0101105 0.000113841 0.000287315 0.00279294
6 0.989793 0.00160383 0.0052908 0.000920136 0.0012357 0.0011562
6 0.998216 0.000131538 0.00126255 1.70236e-05 0.000116641 0.000256692
6 0.993052 0.000402101 0.00270252 0.000432578 0.00109317 0.00231723
6 0.986486 0.000257607 0.010879 0.000484775 0.000292226 0.00160049
6 0.986888 0.00034205 0.00896954 0.000192279 0.000252683 0.00335572
6 0.988386 0.000337861 0.00746316 0.000161658 0.000294889 0.00335602
6 0.992773 0.000660639 0.00433685 0.000118978 0.000464171 0.00164621
6 0.992152 9.38524e-05 0.0055226 4.33756e-05 3.67262e-05 0.00215149
6 0.984771 0.000710961 0.0105825 0.000827307 0.000467649 0.00264085
6 0.989653 0.00113701 0.00516075 0.000211739 0.000898435 0.00293938
6 0.987641 0.00113656 0.00708721 0.000141873 0.000715749 0.00327776
6 0.986937 0.00132445 0.00713215 0.00176136 0.000329153 0.00251589
6 0.995574 5.30837e-05 0.00260647 0.000757969 3.75609e-05 0.000970889
6 0.991342 0.000370985 0.00561175 0.000211508 0.000215641 0.00224838
6 0.993242 0.000575413 0.00318433 0.000418187 0.00141702 0.00116343
6 0.993687 0.000319107 0.0029576 0.000684089 0.000702186 0.00164978
6 0.992199 0.000858402 0.0036392 0.000212954 0.00123579 0.00185494
6 0.990372 0.00100396 0.00421346 0.000661514 0.00107261 0.0026769
6 0.98508 0.000555563 0.0106496 0.00097873 0.000266348 0.0024693
6 0.989293 0.000739885 0.00638049 0.000287518 0.000478781 0.00282074
6 0.990467 0.000339853 0.00549857 0.00154755 0.000606967 0.00154006
6 0.995866 0.000416239 0.00106869 5.40454e-05 0.000731207 0.00186431
6 0.987163 0.00027983 0.00894825 0.00216278 0.000273904 0.00117211
6 0.99152 0.000220155 0.00571791 0.000122439 8.62503e-05 0.00233288
6 0.990437 0.000371763 0.00605782 0.000154311 0.000341147 0.00263841
6 0.991224 0.0003481 0.00573931 0.000176537 0.000164418 0.00234768
6 0.990057 0.00110949 0.00413408 0.000245503 0.00162902 0.0028254
0 0.00118893 0.983422 0.00333751 0.000792901 0.00881917 0.00243918
0 0.00272274 0.883355 0.00990367 0.000924245 0.101436 0.00165822
0 0.000452034 0.864794 0.000561725 0.000514398 0.133221 0.000457448
3 0.000209352 0.410615 0.000193641 0.000142056 0.588671 0.000169655
0 0.00156492 0.859329 0.024716 0.00120939 0.111027 0.00215309
0 0.000673979 0.863294 0.00119919 0.000570815 0.133108 0.00115378
0 0.000563423 0.858112 0.00128961 0.00865343 0.130867 0.000514197
0 0.000348279 0.862287 0.000933304 0.00270702 0.132815 0.000909435
3 0.000185619 0.364844 0.000522822 0.000568437 0.633656 0.000223029
0 0.00062458 0.920377 0.00223993 0.000247716 0.073741 0.00276926
0 0.00750165 0.896297 0.0165121 0.00236832 0.0722627 0.00505831
0 0.00163488 0.849185 0.00807013 0.0114527 0.125897 0.0037599
0 0.000210576 0.778213 0.000396848 0.00240832 0.218487 0.000284316
0 0.000605237 0.853921 0.00447773 0.0206135 0.119357 0.00102571
0 0.000463995 0.862687 0.000753013 0.00282464 0.132825 0.000447053
0 0.00277509 0.907994 0.00394661 0.0130682 0.0699651 0.00225122
0 0.00114079 0.860707 0.00165516 0.000615082 0.132271 0.00361134
0 0.000303731 0.863639 0.00130569 0.00128139 0.133078 0.000392003
0 0.00022377 0.863975 0.000974016 0.00116157 0.133177 0.000489338
0 0.000478018 0.859696 0.00624309 0.00138702 0.131869 0.00032688
0 0.018256 0.847225 0.00914668 0.00137694 0.118185 0.00581033
0 0.000229751 0.861317 0.00121125 0.00116173 0.132515 0.00356486
0 5.44204e-05 0.865838 3.52229e-05 0.000568311 0.133469 3.49935e-05
0 0.020067 0.848829 0.00310533 0.00195948 0.119815 0.00622384
0 0.000317014 0.864128 0.0014855 0.000393924 0.133241 0.000434378
0 0.000293945 0.863049 0.000586853 0.00220617 0.132934 0.000929616
0 0.00011946 0.864404 0.000423521 0.00177123 0.133174 0.000107964
0 0.00471416 0.876575 0.0232317 0.00192825 0.0907655 0.00278588
0 0.000236547 0.865235 0.000137674 0.000478275 0.133414 0.000498049
0 0.000448038 0.864037 0.0015964 9.21543e-05 0.133144 0.00068308
0 0.00447582 0.849829 0.0199748 0.00141371 0.120943 0.00336401
0 0.000289148 0.85494 0.00496233 0.00723391 0.130164 0.00241106
0 0.000589825 0.87771 0.00256123 0.00144919 0.0984007 0.0192895
0 0.00396926 0.895814 0.0179374 0.00245298 0.0756819 0.00414472
0 0.000372018 0.929027 0.00189348 0.0126276 0.0554219 0.000658402
0 0.000270281 0.863138 0.00112158 0.00196843 0.132947 0.000555534
0 0.000480282 0.858155 0.00410046 0.0055223 0.131089 0.000653255
0 8.82072e-05 0.865871 0.000157399 0.000398389 0.133482 3.38281e-06
0 0.00409232 0.851745 0.0091607 0.000468545 0.129028 0.00550477
0 0.000201727 0.864506 0.000718199 0.000732291 0.133221 0.000620666
15 0.0117763 0.00172173 0.972613 0.00119637 0.000387075 0.012306
15 0.00268917 0.00155929 0.987505 0.00343628 0.00163024 0.00318036
15 0.0052246 0.00103606 0.980536 0.00062307 0.000110039 0.0124706
15 0.00562782 0.00132647 0.984722 0.00338793 0.00132112 0.00361467
15 0.00254466 0.0019325 0.988815 0.00143347 0.00156783 0.00370683
15 0.00276284 0.00143274 0.988486 0.00134008 0.0016948 0.00428322
15 0.00363848 0.00182705 0.985212 0.00104071 0.00231997 0.00596202
15 0.00643161 0.00106212 0.98431 0.00363594 0.00105264 0.00350765
15 0.00132301 0.00168013 0.990057 0.00126093 0.00155656 0.00412244
15 0.0072999 0.001108 0.976637 0.0052182 0.000508379 0.00922848
15 0.0078914 0.000663762 0.975131 0.00255881 0.000569947 0.0131848
15 0.0112931 0.00445885 0.972356 0.00152403 0.000286391 0.0100817
15 0.00900043 0.00160735 0.973035 0.00259892 0.000504307 0.0132538
15 0.0123492 0.000994879 0.97991 0.00300038 0.000635176 0.0031103
15 0.0060197 0.000329791 0.979254 0.00170223 0.000212191 0.0124818
15 0.00324081 0.00173854 0.986229 0.00244658 0.00216799 0.00417679
15 0.00298368 0.000910231 0.980959 0.00232229 0.000289656 0.0125347
15 0.002894 0.00130985 0.989022 0.00159987 0.00164384 0.00353059
15 0.00606705 0.000336515 0.978654 0.00227399 5.75858e-05 0.0126105
15 0.0134574 0.00108816 0.971644 0.00224936 0.000372231 0.0111886
15 0.00704552 0.00142665 0.981532 0.00457258 0.00188705 0.00353574
15 0.0100422 0.00177115 0.978575 0.0048731 0.00142721 0.00331176
15 0.00524733 0.00139777 0.975914 0.00536723 0.00114797 0.0109259
15 0.00858768 0.00206309 0.979664 0.00491554 0.000878528 0.00389105
15 0.00320146 0.00214569 0.98709 0.00130851 0.00168848 0.00456535
15 0.00627206 0.000841901 0.978883 0.0011424 0.000257168 0.0126038
15 0.00567288 0.00151681 0.98454 0.00410604 0.000604968 0.00355948
15 0.00511249 0.000706369 0.97685 0.00497772 0.000612145 0.0117411
15 0.0070334 0.000733029 0.979191 0.00478461 0.00200422 0.00625409
15 0.00329924 0.00166304 0.987956 0.000938533 0.0018456 0.00429746
15 0.00318004 0.0018778 0.988271 0.00153554 0.00162516 0.0035101
15 0.0113855 0.00169178 0.973143 0.000971348 0.000352394 0.0124556
15 0.0109835 0.000323316 0.9751 0.000338082 2.54963e-05 0.0132297
15 0.000990857 0.00120755 0.993065 0.00129122 0.00143501 0.00201007
15 0.00832211 0.000916131 0.977114 0.000388861 9.5757e-05 0.0131636
15 0.0131906 0.000591871 0.976011 0.00177451 0.00044497 0.00798723
15 0.00290544 0.00180908 0.988925 0.00136927 0.00159279 0.00339863
15 0.000184901 0.000522359 0.985964 0.00235834 9.40554e-05 0.0108764
15 0.00395911 0.00227198 0.980663 0.00434462 0.00236011 0.00640115
15 0.0135572 0.000659051 0.974698 0.00106797 0.000293008 0.00972444
20 0.000131932 0.00107526 0.00202994 0.99418 0.0023354 0.000247446
20 0.000898946 0.00099971 0.0025655 0.993672 0.00147077 0.000393275
20 0.000327834 0.00134005 0.00270908 0.993052 0.00225494 0.000315598
20 0.000950067 0.000749339 0.0016399 0.993668 0.0024286 0.00056399
20 0.000633544 0.00105988 0.00169161 0.99371 0.00236442 0.000540789
20 0.000662164 0.000958018 0.00336796 0.992247 0.00250133 0.000263994
20 0.00117093 0.00144229 0.00381347 0.991607 0.001843 0.000123705
20 0.000904761 0.00139468 0.00345569 0.992219 0.00172408 0.000301776
20 0.000382145 0.000651872 0.00391051 0.993601 0.00117165 0.000282369
20 0.000346925 0.000243689 0.00385059 0.995029 0.000197901 0.000331932
20 0.000586497 0.000796889 0.0040022 0.993423 0.00093415 0.000257684
20 0.000280871 0.00148393 0.00181399 0.994342 0.00155995 0.000518974
20 5.12493e-05 0.00133246 0.00172793 0.995422 0.00130946 0.000157105
20 0.000449337 0.000620278 0.00389043 0.994423 0.000351452 0.0002654
20 7.09101e-05 0.00121664 0.00264477 0.994086 0.00150508 0.000476779
20 6.06287e-05 0.000853374 0.00402715 0.992786 0.00197978 0.000293158
20 0.000528719 0.00136655 0.00155182 0.993993 0.00225611 0.000303772
20 0.000510353 0.00162814 0.00375858 0.992106 0.00172122 0.000275708
20 0.000362347 0.000812219 0.00314328 0.992046 0.0023898 0.00124657
20 0.000642826 0.000977365 0.00320565 0.991774 0.00247324 0.000926592
20 0.000543051 0.00112798 0.00304808 0.992627 0.00236078 0.000293544
20 0.00040733 0.000792974 0.0039818 0.993078 0.000793381 0.000946297
20 0.000359902 0.000623702 0.0040589 0.993049 0.00150469 0.00040415
20 0.000779118 0.00056134 0.00342198 0.992006 0.00262352 0.000607728
20 0.00063376 2.55257e-05 0.0038911 0.995252 0.000130217 6.78417e-05
20 0.000113803 0.00134706 0.000135793 0.997161 0.00120466 3.78761e-05
20 0.000481491 0.00150824 0.00237537 0.993435 0.00132231 0.00087766
20 0.000597922 0.000898622 0.00330242 0.992746 0.00100346 0.00145116
20 0.0010215 0.000943664 0.00190487 0.993502 0.00225598 0.000371947
20 0.00048603 0.000922134 0.00403393 0.993093 0.000965019 0.000500214
20 0.000608558 0.00163716 0.00335232 0.991 0.00241858 0.000983759
20 5.88517e-05 0.000604093 0.00210701 0.994594 0.00232644 0.000309138
20 0.000199201 0.000900772 0.00254588 0.993609 0.00251797 0.000227199
20 0.000507361 0.00128272 0.00325635 0.993532 0.000712764 0.000708545
20 0.000494863 0.00116114 0.000353395 0.995544 0.00228733 0.000159751
20 0.000325895 0.00122759 0.0035529 0.993071 0.00141933 0.000403459
20 0.000807467 0.000885329 0.0035361 0.994368 0.000381065 2.19493e-05
20 0.000886613 1.11881e-05 0.00384933 0.994645 7.2264e-05 0.00053578
20 0.000827324 0.000176685 0.00406234 0.993367 0.00107026 0.000496414
20 0.000695526 0.000681393 0.00400468 0.993331 0.000760976 0.000526462
3 0.00191357 0.073015 0.0165945 0.0102637 0.89411 0.00410323
3 0.00297408 0.0673502 0.0109897 0.0051678 0.910823 0.00269498
3 0.00252347 0.0765539 0.017552 0.00224694 0.895602 0.00552191
3 0.000219689 0.135354 0.00294957 0.00123698 0.860015 0.00022476
3 0.00145085 0.0363493 0.00441163 0.00563936 0.951488 0.000660429
3 2.53106e-05 0.135967 2.44231e-05 0.00116242 0.86279 3.0857e-05
3 0.00136451 0.0994227 0.0253673 0.00215221 0.869224 0.00246883
3 0.000511118 0.134533 0.00576166 0.00107565 0.857684 0.000435049
3 0.000105236 0.0138072 0.000116679 0.000105984 0.985792 7.24399e-05
3 0.000191348 0.135866 0.000505636 0.00113521 0.862226 7.57211e-05
3 0.000421521 0.0978459 0.000315572 0.000287583 0.90042 0.000709344
3 0.000296678 0.135835 8.62072e-05 0.000632455 0.863048 0.000101515
3 2.96011e-05 0.135699 0.000413725 0.00118552 0.862505 0.000166551
3 0.000116171 0.135553 0.000634799 0.00242275 0.861195 7.80655e-05
3 0.000227785 0.134558 0.00232727 0.00549029 0.856997 0.000399909
3 0.000666557 0.12225 0.000973865 0.0217445 0.853844 0.000521291
3 0.0223754 0.115726 0.00237088 0.000819903 0.848215 0.0104927
3 0.000145908 0.135761 0.000311398 0.00184275 0.861665 0.000273257
3 0.000515727 0.135879 0.0002123 0.000506885 0.862639 0.000247343
3 0.000202199 0.135314 0.000997411 0.00209636 0.860189 0.00120168
3 2.16081e-05 0.136072 8.40531e-05 6.20539e-05 0.863532 0.00022822
3 6.78139e-05 0.134251 0.000240486 0.00734062 0.857911 0.00018834
3 0.000350779 0.135879 0.000398707 0.000643796 0.862697 2.98697e-05
3 0.000268367 0.134856 0.00280804 0.00099714 0.858292 0.00277876
3 2.40702e-05 0.0742743 7.5939e-05 3.78862e-05 0.925569 1.92272e-05
3 0.000278979 0.135481 0.000748257 0.0027974 0.860243 0.000450485
3 0.000160157 0.0167375 4.02571e-05 3.3205e-05 0.9827 0.000328536
3 0.000625346 0.12587 0.00275048 0.00291729 0.849806 0.0180307
3 0.00049339 0.135452 0.000726571 0.000503931 0.860172 0.00265219
3 0.00144722 0.0892627 0.0231824 0.00270136 0.878648 0.00475821
3 0.000337054 0.131483 0.0128736 0.000140867 0.854389 0.000776606
3 0.0023152 0.0695001 0.0125767 0.0033574 0.908536 0.00371428
3 0.000687869 0.0484243 0.0051187 0.0102479 0.934721 0.000800379
3 0.00025399 0.13576 0.000564907 0.00123107 0.861997 0.000193303
3 0.00153907 0.115898 0.0239133 0.00393949 0.85254 0.00216973
3 0.000193439 0.135858 0.000611348 0.000537962 0.862702 9.7088e-05
3 0.00137124 0.130836 0.0127884 0.00237576 0.850423 0.00220542
3 2.25479e-05 0.136027 2.12764e-05 5.91007e-05 0.863865 5.22499e-06
3 0.000298183 0.135777 0.000553962 0.00161991 0.861498 0.000252695
3 0.00167991 0.0837922 0.00501778 0.0211158 0.886249 0.00214564
17 0.000618044 0.000800734 0.00457633 0.00068069 0.000792113 0.992532
17 0.00258133 0.000578694 0.00392232 0.000179751 0.000507393 0.992231
17 0.00140883 0.000966198 0.00427988 0.000387163 0.000788416 0.99217
17 0.00261701 0.0005873 0.00422648 0.000583408 0.000746957 0.991239
17 0.00180291 0.0013511 0.00449717 0.000243213 0.00110956 0.990996
17 0.000943305 0.000328865 0.014548 0.00141375 0.000123458 0.982643
17 0.00181208 3.73378e-05 0.0143469 0.000110529 6.86341e-06 0.983686
17 0.00338493 0.000146257 0.014146 6.24957e-05 8.04856e-06 0.982252
17 0.00202376 0.00153549 0.00725492 0.000158119 0.00141131 0.987616
17 0.00247351 0.000388351 0.0145215 0.000123783 8.49728e-05 0.982408
17 0.0022808 0.00127278 0.00512509 0.000389671 0.00144878 0.989483
17 0.0020478 0.00160466 0.0144956 0.000556297 0.000201814 0.981094
17 0.00384325 0.000188889 0.0137528 5.50688e-05 1.80792e-05 0.982142
17 0.00267159 0.000128857 0.0144649 0.000615545 0.000140593 0.981979
17 0.00229376 0.002465 0.0140276 0.000607223 0.000253636 0.980353
17 0.00165 0.00134263 0.00648733 0.00037443 0.000824363 0.989321
17 0.0016481 0.00234929 0.0138954 0.000584386 0.00111038 0.980412
17 0.00161621 0.0030586 0.00920124 0.000241773 0.00162384 0.984258
17 0.00415046 0.000393648 0.00986645 8.51201e-05 4.51144e-05 0.985459
17 0.00300146 0.00042681 0.0143982 3.46807e-05 4.54474e-05 0.982093
17 0.00272713 8.33835e-05 0.0131673 4.07816e-05 4.07876e-05 0.983941
17 0.00402303 0.000378819 0.00974924 7.10715e-05 2.68669e-05 0.985751
17 0.00194302 0.000121978 0.00448875 3.27456e-05 1.19128e-05 0.993402
17 0.00133102 0.000528456 0.0146703 6.76563e-05 6.68999e-05 0.983336
17 0.00445361 0.000323114 0.0115334 0.000380553 9.14467e-05 0.983218
17 0.000148295 5.81909e-05 0.00434089 7.96843e-06 2.96344e-06 0.995442
17 0.0031933 0.000461829 0.0142749 0.000366903 9.21263e-05 0.981611
17 0.00281743 0.000725445 0.0144129 0.000515801 0.0001243 0.981404
17 0.00330305 0.00312127 0.0114553 0.000634484 0.000240861 0.981245
17 0.00113245 0.000817092 0.00464718 0.00058122 0.000624759 0.992197
17 0.0017262 0.000261422 0.014479 5.75066e-05 3.12963e-05 0.983445
17 0.0028591 0.000338564 0.0144021 0.000600239 0.000100158 0.9817
17 0.00136236 0.000486294 0.0146412 0.000328193 9.60115e-05 0.983086
17 0.00113398 0.000446022 0.01454 0.000285725 0.000167191 0.983427
17 0.00257114 0.000576816 0.0144979 0.000270741 0.000173509 0.98191
17 0.0010084 0.00131813 0.007727 0.000739575 0.00145961 0.987747
17 0.00286959 0.000369113 0.0144348 0.000606245 0.000116132 0.981604
17 0.000365778 0.00282876 0.0101069 7.21932e-05 0.00240122 0.984225
17 0.00244787 0.00108414 0.00406258 0.000407223 0.000605318 0.991393
17 0.0021333 0.00037378 0.00195799 2.23363e-05 0.000449098 0.995063
6 0.992795 0.000669093 0.00313638 0.000203171 0.00114066 0.00205544
6 0.989114 0.000360614 0.00708136 0.000147469 7.00361e-05 0.00322611
6 0.988365 0.00136079 0.00571927 0.000222898 0.00121775 0.00311453
6 0.992789 0.000366858 0.00329392 0.000122353 0.000993382 0.00243474
6 0.986204 0.000308789 0.0107229 0.000801391 0.000287583 0.00167505
6 0.988517 0.000886321 0.0067951 0.00186364 0.000456166 0.00148213
6 0.988359 0.000280507 0.0074861 0.000234369 0.000280105 0.00336028
6 0.99112 0.000362692 0.00570084 0.000183234 0.000313319 0.0023195
6 0.990268 0.000588779 0.00583716 0.0011751 0.000818921 0.00131247
6 0.991109 0.000374414 0.00587743 3.39743e-05 0.000123014 0.00248212
6 0.986901 0.000180806 0.00960842 4.59762e-05 0.000160414 0.00310329
6 0.98688 0.000267407 0.0109428 0.000504948 0.000277966 0.00112706
6 0.987731 0.000356118 0.00832969 3.72458e-05 8.9872e-05 0.00345608
6 0.992769 0.000251185 0.00452803 4.20418e-05 0.000128227 0.00228178
6 0.987826 0.000740731 0.00727433 0.000383561 0.00047952 0.00329613
6 0.996686 2.14373e-05 0.00162531 1.04306e-05 2.01627e-05 0.00163618
6 0.998647 4.78664e-05 0.000679079 1.86445e-05 2.00209e-05 0.000587189
6 0.991679 0.00042272 0.00390245 0.000251139 0.0010842 0.00266075
6 0.992896 0.000549884 0.00288114 0.000363465 0.00120712 0.00210258
6 0.992174 0.000337279 0.00451791 0.000143937 0.000187737 0.00263928
6 0.993657 0.000392711 0.00275842 0.000261733 0.00068599 0.00224413
6 0.998564 6.44411e-05 0.000724141 1.6031e-05 2.34087e-05 0.000607875
6 0.999713 5.37966e-05 6.26796e-05 6.16193e-06 7.81725e-05 8.64924e-05
6 0.990042 0.00126319 0.00431082 0.000689277 0.000938899 0.00275542
6 0.989921 0.000261183 0.00624715 0.000479743 0.000300626 0.00279054
6 0.996872 0.000253713 0.00114459 0.000116831 0.000612806 0.000999764
6 0.98504 0.0012722 0.00995831 0.00202466 0.000588515 0.0011168
6 0.987619 7.16368e-05 0.0085643 0.000213747 0.000102988 0.00342793
6 0.99142 0.000562357 0.00433206 0.000199343 0.000763781 0.00272256
6 0.990806 0.000880233 0.00468762 0.000170045 0.000871235 0.00258457
6 0.999385 3.95412e-05 0.000399022 5.72345e-05 5.58881e-05 6.30748e-05
6 0.987403 0.000326596 0.00904214 0.00180394 0.000103411 0.00132095
6 0.986644 0.000274969 0.0107284 0.00115821 0.000378259 0.000816208
6 0.997844 5.88092e-05 0.000359964 3.21346e-05 0.000163503 0.00154168
6 0.987001 0.000338379 0.0110076 0.000253653 0.000296162 0.00110344
6 0.986639 0.0003422 0.0100026 0.00185109 0.000322536 0.000842832
6 0.997215 1.61936e-05 0.00158606 0.000645629 0.000127995 0.000409533
6 0.986505 0.000279603 0.0108843 0.000274557 0.000326604 0.0017295
6 0.98491 0.000778693 0.0101816 0.000928624 0.000638667 0.00256208
6 0.986651 0.00175105 0.00648613 0.00078016 0.0010081 0.00332363
0 6.22695e-06 0.866064 0.000143238 0.000123528 0.133442 0.000221744
0 0.000336652 0.882161 0.0038271 0.00709691 0.105346 0.00123234
0 0.000141264 0.865363 0.000609677 0.000438829 0.133408 3.98491e-05
0 0.000513205 0.855505 0.00174475 0.0057953 0.130273 0.00616884
0 0.000151768 0.905961 0.000183459 0.00040971 0.0932394 5.4852e-05
0 0.000157428 0.863713 0.00047212 0.00246656 0.133133 5.86327e-05
0 0.00271862 0.856191 0.00459809 0.00090195 0.130654 0.00493603
0 0.0039496 0.851235 0.0157429 0.00130156 0.125667 0.00210402
0 0.000370357 0.859328 0.00830913 0.00010098 0.131364 0.000527277
0 0.000125686 0.863992 0.00182994 0.000630207 0.133023 0.000399862
0 0.000345059 0.863394 0.000812748 0.00219763 0.132928 0.000322655
0 0.000337764 0.863144 0.0013866 0.00145458 0.132946 0.000731313
0 0.00242328 0.857304 0.00690142 0.000797253 0.1314 0.00117469
0 0.00028936 0.86407 0.000775182 0.00106732 0.133106 0.000692244
0 0.0124887 0.910655 0.0176332 0.0160447 0.0388868 0.00429148
0 4.81028e-05 0.864308 0.00176395 0.000572779 0.133197 0.000109946
0 0.000387242 0.864097 0.000173489 0.00220105 0.133083 5.83508e-05
0 0.00103842 0.863957 0.000564906 0.000774392 0.133168 0.000496931
0 0.000187172 0.864742 0.000601892 0.000841977 0.133348 0.000278603
0 0.000700411 0.855016 0.00182823 0.0168619 0.12508 0.000513778
0 7.60308e-06 0.651149 3.92547e-05 0.00114857 0.347625 3.03162e-05
0 0.0060029 0.850277 0.0191975 0.0012058 0.121395 0.00192186
0 0.00126721 0.859051 0.00756345 0.000249422 0.131523 0.000345703
0 6.63481e-06 0.866225 0.000160316 5.5693e-05 0.133454 9.82436e-05
0 0.00311714 0.910107 0.0124536 0.00277822 0.0678926 0.00365182
0 0.00115382 0.861287 0.00654438 0.0010661 0.104803 0.0251461
0 0.000242679 0.86362 0.000732988 0.00181794 0.133166 0.000421008
0 0.00266907 0.887938 0.0186666 0.00879016 0.0707447 0.0111916
0 0.000193266 0.922149 0.00150547 0.00615283 0.0679986 0.00200056
0 0.00214228 0.861811 0.00154503 0.00101351 0.132633 0.000854889
0 0.00103955 0.857961 0.00628286 0.000997002 0.131562 0.00215826
0 8.76147e-05 0.864543 0.00106461 0.000166093 0.133121 0.00101801
0 4.55126e-06 0.866396 2.33405e-05 2.18742e-05 0.133513 4.12912e-05
0 0.00063043 0.848206 0.0165281 0.000483302 0.117752 0.0163998
0 0.00496882 0.847068 0.016739 0.00397575 0.12358 0.00366816
0 0.000544613 0.854766 0.00205699 0.0126075 0.128355 0.00167027
0 0.00300098 0.852872 0.01459 0.000578643 0.126952 0.00200654
0 0.000208186 0.860505 0.00272856 0.00357023 0.132248 0.000740141
0 0.000184676 0.865344 0.000165465 0.000474314 0.133428 0.00040376
0 0.00133016 0.862511 0.00184621 0.000386628 0.132706 0.00121994
15 0.00768132 0.00448604 0.975435 0.00157697 0.00181073 0.00901041
15 0.00651845 0.00107919 0.986558 0.00387477 0.00107764 0.000891759
15 0.00609304 0.00408852 0.977453 0.00110445 0.000460847 0.0107997
15 0.00927532 0.00029194 0.975284 0.0014873 0.000346961 0.0133147
15 0.00105686 0.00158819 0.992983 0.00142684 0.00154131 0.00140388
15 0.00163299 0.0014076 0.990097 0.00142539 0.00157529 0.00386158
15 0.00344292 0.000814253 0.981754 0.00137972 0.000174108 0.0124351
15 0.00305112 0.00162551 0.987857 0.00104622 0.00174737 0.00467285
15 0.000621285 0.00227904 0.989503 0.00275244 0.00150117 0.00334346
15 0.00291154 0.00166622 0.988038 0.001176 0.00177802 0.00443004
15 0.0122908 0.00045875 0.973609 0.00144939 0.000319617 0.0118726
15 0.0129855 0.00067039 0.976904 0.00150101 0.000378058 0.00756146
15 0.0034524 0.00192647 0.986744 0.000960416 0.00204902 0.00486734
15 0.0134157 0.000736634 0.974633 0.00250212 0.000377361 0.00833496
15 0.00206114 0.00167443 0.989069 0.00115405 0.00168564 0.0043554
15 0.00312047 0.00314254 0.982504 0.00140838 0.00256143 0.00726273
15 0.00292272 0.00141134 0.99023 0.000663846 0.000859001 0.00391272
15 0.00660871 0.000485774 0.979455 0.000692626 7.0003e-05 0.0126879
15 0.00555276 0.00270157 0.982875 0.00265494 0.0022815 0.00393428
15 0.00329722 0.00157509 0.988322 0.000555442 0.00176751 0.00448275
15 0.00601728 0.000251227 0.981038 0.000120707 0.000105943 0.0124669
15 0.00480607 0.00112577 0.978048 0.00535169 0.000629835 0.010039
15 0.00642259 0.000461405 0.980124 0.00033547 2.98264e-05 0.0126265
15 0.00954495 0.000172991 0.972782 0.00511437 3.42114e-05 0.0123516
15 0.010516 0.0010004 0.971703 0.00263452 0.000893607 0.0132526
15 0.000553809 0.00146453 0.988516 0.00345173 0.00105819 0.00495606
15 0.00483729 0.00317008 0.980765 0.00142741 0.00221191 0.00758876
15 0.00272231 0.00163336 0.98849 0.0014714 0.00171787 0.00396504
15 0.0117952 0.00305877 0.978431 0.0017366 0.00107162 0.00390704
15 0.00480616 0.000189757 0.97938 0.00530702 6.98816e-05 0.0102467
15 0.00519591 0.00158995 0.979909 0.000695843 8.3909e-05 0.012525
15 0.00170641 0.000271673 0.982017 0.00482916 0.000341171 0.010835
15 0.00344194 0.00100616 0.982877 7.57164e-05 0.000158905 0.0124401
15 0.0124428 0.000132202 0.979418 0.00123621 0.000110483 0.00666056
15 0.00366359 0.00233237 0.984875 0.00138154 0.00238347 0.0053638
15 0.00367932 0.00157659 0.984739 0.00354961 0.00212312 0.00433263
