labels 6 0 15 20 3 17
6 0.998429 9.29614e-05 0.000809614 8.55897e-05 0.000198259 0.000385047
6 0.980533 0.00119081 0.0121905 0.000120147 0.000142172 0.00582364
6 0.997515 0.000586325 0.000690897 5.55968e-05 0.00044905 0.000702873
6 0.997093 6.18685e-05 0.00042235 8.64179e-06 1.97359e-05 0.00239453
15 0.228223 0.0732915 0.491106 0.150674 0.0221661 0.0345398
6 0.905202 0.00655177 0.0123968 0.00167678 0.00784699 0.0663253
6 0.996431 0.00149343 0.000995586 0.000201682 0.000311307 0.000566722
6 0.963349 0.00238352 0.00478127 0.0146203 0.00413721 0.0107284
6 0.958491 0.00200188 0.0153017 0.000591081 0.000715555 0.0228992
6 0.974131 0.00254662 0.0111459 0.0027801 0.000384455 0.00901196
6 0.38279 0.0021055 0.246061 0.00417222 0.00126993 0.363602
6 0.998525 0.000222625 0.00060317 0.000157318 0.000114157 0.000377889
6 0.861109 0.00251721 0.0083745 0.000767065 0.00690017 0.120332
6 0.93641 0.00870882 0.00431122 0.0162885 0.0217325 0.0125487
6 0.646238 0.00232468 0.302739 0.00820225 0.000446713 0.040049
6 0.988362 9.60921e-05 0.00901072 3.11281e-05 2.06293e-05 0.00247969
6 0.934358 0.00102886 0.0567286 0.0034431 0.000487758 0.00395325
6 0.985012 0.00297155 0.00717531 0.00219795 0.00191625 0.000726591
6 0.97401 0.0102729 0.00779078 0.000259264 0.00106992 0.00659734
6 0.998489 0.000361511 0.000318265 2.78598e-05 0.000142298 0.000660741
15 0.213818 0.000503482 0.760504 0.0153802 0.000399974 0.00939519
6 0.993849 0.00016021 0.004841 7.68559e-05 8.06155e-05 0.000992337
6 0.918995 0.00349905 0.0599871 0.000556252 0.000494165 0.0164683
6 0.954205 0.0189562 0.0160648 0.000280899 0.00479679 0.00569628
6 0.998632 0.000747806 4.28278e-05 9.63577e-06 0.000195545 0.000372464
6 0.760948 0.00748614 0.168041 0.0430078 0.0034532 0.0170643
6 0.992315 0.000920562 0.00559306 9.21663e-05 0.000189959 0.000889737
6 0.906307 0.00052535 0.0478659 0.000335033 0.000412553 0.0445539
6 0.902001 0.0696303 0.00442024 0.00375631 0.00735613 0.0128358
6 0.716083 0.00145666 0.259412 0.00143112 0.000324317 0.0212925
17 0.0452619 0.000104777 0.00258925 2.76083e-05 1.62182e-05 0.952
17 0.0748945 0.00103353 0.192315 0.000541384 0.000367449 0.730848
17 0.0363366 0.0013353 0.334036 0.00494454 0.000382429 0.622965
6 0.838118 0.00210706 0.0983922 0.000686579 0.000520277 0.0601761
6 0.959038 0.00199446 0.0205585 0.0132388 0.00128087 0.00388927
6 0.916774 0.00236273 0.0755553 0.0042143 0.000176526 0.000917497
15 0.261377 0.00277991 0.566526 0.00467549 0.00232674 0.162315
6 0.874552 0.0252733 0.01869 0.0438726 0.00802829 0.0295835
6 0.644209 0.0262426 0.0283269 0.020634 0.197386 0.0832019
6 0.958366 0.000430385 0.0402831 0.000479674 3.85092e-05 0.000401932
0 5.27695e-05 0.867399 0.000254029 0.000666963 0.13131 0.000317339
0 0.000668385 0.636751 0.00120414 0.0248148 0.335832 0.000729654
0 0.00014789 0.714887 0.000487241 0.0150562 0.266415 0.00300694
0 0.0072871 0.530417 0.00198459 0.00770066 0.450907 0.00170414
0 0.0458026 0.348675 0.283767 0.057845 0.101112 0.162798
0 0.012546 0.630922 0.0829572 0.0381319 0.208087 0.0273557
3 0.000258658 0.330289 0.000499342 0.0053767 0.663299 0.000277402
3 0.00787336 0.226883 0.00204073 0.00325045 0.754591 0.0053607
0 0.000697929 0.650258 0.00171146 0.0550018 0.291789 0.00054192
3 0.00139518 0.271207 0.00956341 0.000295077 0.71106 0.00647997
0 0.0010802 0.969067 0.00292998 7.14653e-05 0.0265747 0.000277044
0 0.000305014 0.59162 0.000901552 0.00570651 0.40078 0.000686907
0 0.0332092 0.653759 0.0129748 0.0124342 0.282912 0.00471077
0 0.0279733 0.641716 0.0149009 0.00863877 0.158365 0.148405
0 0.00299491 0.547708 0.013192 0.0306656 0.401887 0.00355215
3 0.00309471 0.406098 0.016858 0.00629169 0.556703 0.0109541
0 0.0717963 0.63878 0.0986764 0.0223913 0.0495702 0.118786
3 0.00037039 0.266485 0.00069375 0.000412749 0.72462 0.00741794
3 0.000557433 0.461018 0.0219776 0.0287816 0.481872 0.00579302
0 0.00771075 0.555157 0.00802814 0.153756 0.271649 0.00369877
3 0.00873582 0.312237 0.0199433 0.165072 0.481805 0.012207
0 0.000508047 0.532056 0.00157382 0.025705 0.439783 0.000374582
15 0.0339279 0.129042 0.63208 0.00463531 0.00749282 0.192822
3 0.0170032 0.175316 0.00994103 0.0717129 0.705369 0.0206586
0 0.000533468 0.866478 0.000910207 0.00030636 0.131479 0.000292743
15 0.0226514 0.133616 0.542597 0.00110465 0.00629894 0.293731
17 0.0200374 0.0519993 0.252259 0.00118572 0.00148092 0.673038
3 0.000363341 0.240264 0.00108835 0.000569458 0.724833 0.0328823
0 0.000846089 0.546009 0.000239767 0.000799209 0.45189 0.000216177
6 0.576292 0.134536 0.211441 0.0245355 0.0291095 0.0240856
0 0.000413878 0.850526 0.0195784 0.00179159 0.119105 0.00858529
0 0.0040715 0.580127 0.000762377 0.0444863 0.369413 0.00113958
0 0.00659368 0.426666 0.172374 0.242631 0.0627149 0.0890203
3 6.38945e-05 0.328104 4.80193e-05 0.00204355 0.669716 2.43203e-05
0 0.0108716 0.682156 0.0569972 0.167046 0.080341 0.00258868
3 0.00236916 0.315212 0.00444341 0.000722403 0.667646 0.00960654
0 0.0195819 0.485331 0.174865 0.258475 0.041618 0.0201296
3 0.000674138 0.42737 0.00104026 0.000121181 0.566306 0.00448792
0 0.000490272 0.605509 0.000416498 0.000525463 0.392634 0.000425194
0 0.00840021 0.77921 0.115439 0.0040624 0.013304 0.0795841
15 0.0176844 0.0186852 0.716061 0.107537 0.097066 0.0429668
15 0.0110768 0.00196737 0.939108 0.00330851 0.000867941 0.0436715
15 0.0780983 0.00214361 0.647017 0.263791 0.00464275 0.0043071
17 0.0222203 0.00367274 0.0584057 0.00170616 0.000243645 0.913751
15 0.00614204 0.00378559 0.967807 0.00933148 0.00970725 0.00322683
15 0.000799074 0.00343757 0.988091 0.000363632 0.000466209 0.00684204
15 0.00412047 0.000904443 0.972122 0.00459432 0.000360157 0.0178989
3 0.0267171 0.372556 0.139234 0.00430689 0.425083 0.032103
15 0.0235911 0.144625 0.471658 0.277596 0.0655546 0.0169761
17 0.0826708 0.0218247 0.106091 0.00348605 0.00389412 0.782033
15 0.0532314 0.0819695 0.540193 0.142522 0.116223 0.0658615
15 0.0100507 0.0244494 0.532134 0.00701076 0.408201 0.0181538
15 0.0335866 0.409553 0.463159 0.00328751 0.0385821 0.0518316
15 0.282494 0.0374038 0.616143 0.00410742 0.00185844 0.0579928
15 0.126826 0.0121678 0.687647 0.025538 0.00966614 0.138155
15 0.0718944 0.0237894 0.504539 0.383466 0.0109861 0.00532505
15 0.00855754 0.212348 0.387434 0.090402 0.0678845 0.233374
15 0.012658 0.0617843 0.669348 0.00734502 0.1685 0.0803648
15 0.0248908 0.00782831 0.529995 0.00116393 0.000706218 0.435415
15 0.00506977 0.012343 0.964898 0.00163975 0.000920501 0.015129
17 0.0176955 0.00483826 0.163799 0.00364088 0.00111755 0.808909
15 0.0864428 0.00187109 0.824966 0.00977594 0.00262624 0.0743183
15 0.00591229 0.291574 0.640873 0.00120126 0.0510728 0.00936741
15 0.0667057 0.00705253 0.899825 0.0222493 0.00171981 0.00244803
15 0.00933946 0.0194591 0.921276 0.00962903 0.0232527 0.017044
17 0.191157 0.0310795 0.0592068 0.00777606 0.00281377 0.707967
15 0.00281059 0.00682889 0.932188 0.00327674 0.0369729 0.0179228
15 0.104866 0.0120314 0.64607 0.00159956 0.000626008 0.234807
0 0.0407887 0.425536 0.154136 0.129753 0.184567 0.0652199
15 0.00176878 0.000221899 0.965241 0.0268768 0.000235895 0.00565538
17 0.0173578 0.000758776 0.310029 0.000290424 0.000226328 0.671338
15 0.0708141 0.00193918 0.733661 0.00277831 0.00110833 0.189699
15 0.0159499 0.187534 0.649162 0.00202679 0.109421 0.035906
6 0.681176 0.0107335 0.154641 0.0171532 0.00393185 0.132365
15 0.0151522 0.00637672 0.965646 0.00197612 0.00611065 0.00473835
15 0.0141053 0.0126611 0.947313 0.0014587 0.0156858 0.00877578
15 0.00843161 0.00286928 0.980713 0.000521854 0.00154064 0.00592341
6 0.708549 0.00285228 0.200897 0.0675257 0.00163049 0.0185455
15 0.0116408 0.0356475 0.897872 0.00408712 0.0307009 0.020052
15 0.127754 0.0172293 0.789989 0.0569231 0.00646624 0.00163863
20 0.000359194 0.00188617 0.0047538 0.991841 0.00101717 0.00014311
20 0.0010681 6.75437e-05 0.092093 0.904306 0.000190777 0.0022751
20 0.00201013 0.00406301 0.00635507 0.940164 0.04203 0.00537834
20 0.00030867 0.0426866 0.000584203 0.949737 0.00646586 0.000217899
20 0.0028584 0.000579377 0.0740578 0.921887 0.00035356 0.000263549
20 0.000557164 0.0123829 0.00277597 0.977197 0.0060614 0.00102598
20 0.00335528 0.0011702 0.0074358 0.985915 0.00116469 0.000959389
20 0.00417257 0.00258068 0.0388287 0.950668 0.00354541 0.00020502
20 0.00373523 0.017611 0.176813 0.796012 0.00492277 0.000905616
20 0.0727823 0.011295 0.120873 0.774905 0.0088647 0.0112808
20 0.0555222 0.0548422 0.116142 0.659085 0.058229 0.0561793
20 0.00128314 0.0370325 0.00474188 0.885657 0.0710843 0.000201499
20 0.0313731 0.0588015 0.0630273 0.758769 0.081243 0.00678585
6 0.496531 0.046681 0.153502 0.261676 0.0044166 0.0371933
20 0.00518879 0.0725547 0.003712 0.814947 0.101961 0.00163689
20 0.00801827 0.00490434 0.00676017 0.971152 0.00828432 0.000880992
20 0.00143514 0.0250367 0.00298195 0.883007 0.0873981 0.000140742
15 0.0112554 0.0249551 0.846803 0.0403218 0.0731345 0.00352977
20 0.0016849 0.00460206 0.0213707 0.958124 0.0122393 0.00197863
20 0.0994149 0.0453322 0.3786 0.414321 0.0195367 0.0427947
20 0.0511441 0.0891769 0.253438 0.336864 0.0713482 0.19803
20 0.000347263 0.014711 0.0018377 0.980123 0.00283092 0.000150352
20 0.000809058 0.00493471 0.000676413 0.991173 0.00231147 9.54226e-05
3 0.00199231 0.0798558 0.0205727 0.306439 0.590008 0.00113258
20 0.0261013 0.0636147 0.0934656 0.75068 0.0578842 0.00825425
20 0.000382873 0.00428246 0.00127966 0.990611 0.00339076 5.2805e-05
20 0.000164895 0.00109627 0.00162407 0.995435 0.00153814 0.000142053
20 0.00753531 0.0194543 0.0132377 0.927246 0.0308994 0.00162713
20 0.00185263 0.0494835 0.0135118 0.747319 0.187292 0.000540994
20 0.00112197 0.0169354 0.0057339 0.954212 0.02033 0.00166622
20 0.0449262 0.00981016 0.0123156 0.927671 0.0019497 0.00332778
20 0.036323 0.0758854 0.370978 0.491616 0.0157233 0.0094734
20 0.00961875 0.00153368 0.0358783 0.951742 0.00112564 0.000101796
20 0.129889 0.0260043 0.170628 0.637861 0.0201852 0.015432
20 0.000300949 0.0184976 0.00497314 0.969303 0.00676913 0.000155803
20 0.0117224 0.0406375 0.116438 0.799578 0.00756739 0.0240564
20 0.00116073 0.04469 0.112716 0.824078 0.0124419 0.00491286
20 0.384386 0.0101589 0.186738 0.392057 0.0153064 0.0113533
20 0.00110028 0.0690642 0.00494626 0.762934 0.160707 0.00124828
20 0.0222352 0.0178557 0.0755604 0.840367 0.0432616 0.000720543
3 0.000562718 0.161412 0.00984851 0.00355701 0.823933 0.000687321
0 0.00171414 0.707941 0.00294384 0.00467652 0.279446 0.00327889
3 0.00230796 0.298241 0.000196065 0.00243142 0.696098 0.000725428
0 0.0178963 0.446338 0.022781 0.254777 0.251527 0.00667967
0 0.00831238 0.602023 0.124968 0.049179 0.145907 0.0696107
3 0.00447683 0.231489 0.00261322 0.215359 0.543892 0.0021701
20 0.0300849 0.0717245 0.136106 0.590025 0.167671 0.00438856
3 0.00645281 0.177921 0.0259268 0.119232 0.669943 0.000524261
3 2.31376e-05 0.0742712 1.84687e-05 9.88747e-05 0.925577 1.12148e-05
3 0.00155767 0.0385149 0.043394 0.00521962 0.909577 0.00173714
20 0.0141654 0.0929323 0.320622 0.388285 0.178868 0.00512744
3 0.000136659 0.165471 0.000427338 0.00036901 0.833554 4.27955e-05
3 0.0348936 0.265602 0.0192083 0.0196774 0.635413 0.0252063
0 0.00195043 0.821116 0.000371159 0.000567914 0.17441 0.00158474
3 0.000324145 0.359048 0.000587642 0.00559654 0.634282 0.000161404
3 0.0052811 0.432435 0.000708852 0.0299299 0.530137 0.00150827
0 0.00791823 0.42726 0.0877792 0.140131 0.322576 0.014335
0 0.0037137 0.738861 0.0032768 0.0368926 0.213306 0.00395025
0 0.018584 0.507375 0.0332504 0.0183854 0.386404 0.0360017
3 9.19386e-05 0.260397 0.000549612 0.000227949 0.73601 0.00272339
3 0.0057117 0.302851 0.0132826 0.00751606 0.661795 0.00884412
0 0.0359506 0.639082 0.0858918 0.0158909 0.192688 0.0304965
0 0.00204077 0.955635 0.00315153 0.00189156 0.0358795 0.00140119
3 0.00746072 0.20104 0.073139 0.120498 0.585579 0.0122841
3 0.00632376 0.275675 0.00318564 0.00803162 0.70252 0.00426425
0 0.00732488 0.619628 0.0866787 0.158696 0.123027 0.00464604
0 0.0383857 0.504651 0.0616911 0.0689685 0.263791 0.062512
0 0.0561069 0.372251 0.0995592 0.118605 0.348199 0.00527904
3 0.00424826 0.166998 0.00679347 0.137189 0.682841 0.00192956
3 0.0992694 0.183938 0.0107429 0.0251905 0.503932 0.176927
3 0.00145461 0.156302 0.304945 0.00125207 0.533682 0.00236426
3 0.000422621 0.463541 4.17642e-05 0.000247121 0.535651 9.68297e-05
3 0.0591044 0.123987 0.00518551 0.0153155 0.788744 0.0076635
3 0.00017236 0.0262697 8.68842e-05 0.000223502 0.97323 1.75385e-05
0 0.000420325 0.82748 0.000388004 0.000699511 0.170094 0.000917842
0 0.00206959 0.801282 0.00411039 0.00411585 0.181409 0.0070131
3 0.000763298 0.228258 0.000603379 0.000400385 0.768882 0.00109208
0 0.00100177 0.544233 0.000608981 0.000696921 0.4512 0.00225972
3 0.012323 0.263177 0.016833 0.0180948 0.683867 0.00570467
20 0.0036105 0.0667937 0.0235283 0.792477 0.111715 0.0018749
17 0.0567582 0.25758 0.132251 0.0532108 0.23699 0.263211
17 0.00464488 0.00119227 0.0259332 0.000245842 9.3145e-05 0.967891
17 0.00945042 0.150921 0.201301 0.0320931 0.00280381 0.603431
17 0.0076679 0.0046828 0.0188466 0.000988124 0.000254507 0.96756
15 0.127509 0.0546342 0.611151 0.021976 0.0394547 0.145275
17 0.420001 0.0282853 0.070888 0.00510335 0.00123981 0.474483
15 0.380496 0.0244057 0.442436 0.0219171 0.00347401 0.127271
17 0.00467602 0.00101056 0.0332324 0.000958574 0.000838312 0.959284
15 0.137342 0.0443461 0.669096 0.0169719 0.00857114 0.123673
17 0.0214464 0.0432943 0.0195865 0.0232706 0.0453519 0.84705
17 0.278698 0.00512027 0.189795 0.0468837 0.00382017 0.475682
17 0.00231767 0.000197529 0.0356684 0.000130322 0.000135977 0.96155
17 0.00915722 0.00211564 0.0718523 0.000993378 0.00100243 0.914879
17 0.00623944 0.0987528 0.0993904 0.00159094 0.0389887 0.755038
17 0.0941223 0.00396721 0.329196 0.00108635 0.000283021 0.571345
0 0.0412295 0.506722 0.172197 0.0308396 0.0539076 0.195104
17 0.018118 0.0108539 0.068585 0.00219881 0.00149586 0.898748
15 0.27386 0.00337385 0.468255 0.00337034 0.00178129 0.24936
17 0.000134169 0.00279634 0.000803657 1.62022e-05 0.00207324 0.994176
17 0.0258077 0.000109935 0.0850129 9.54261e-05 5.61763e-05 0.888918
17 0.0176632 6.46102e-05 0.0270017 1.01231e-05 1.57516e-05 0.955245
17 0.0364856 0.0653328 0.138983 0.00778494 0.0619842 0.689429
17 0.00169578 0.0210924 0.0351554 0.00107219 0.0192985 0.921686
17 0.00473783 0.0186828 0.0877517 0.0199295 0.0613919 0.807506
17 0.0103094 0.101084 0.168609 0.0207188 0.00553684 0.693742
17 2.71256e-07 3.2004e-07 1.39883e-07 8.74707e-08 3.71931e-07 0.999999
17 0.236209 0.00062505 0.0634627 0.000367226 6.20406e-05 0.699274
17 0.0137492 0.000214268 0.0318805 6.0646e-05 5.15463e-05 0.954044
17 0.0905379 0.000478603 0.0658792 0.000185637 9.64366e-05 0.842822
15 0.034093 0.00616939 0.706388 0.000469119 0.000889003 0.251991
17 0.0156504 0.0626934 0.0967632 0.00338071 0.0195171 0.801995
15 0.00991614 0.000800392 0.497328 0.00092721 7.33127e-05 0.490955
17 0.0115497 0.02041 0.0465491 0.00435741 0.0333246 0.883809
17 0.00348149 0.000544781 0.0556629 0.000144627 0.000100919 0.940065
17 0.00179022 0.00688689 0.0022113 0.000201655 0.00438247 0.984527
17 0.0293964 0.00232154 0.00504813 7.52751e-05 0.000746686 0.962412
17 0.000677124 0.00151532 0.00522733 0.000237185 0.00240664 0.989936
17 0.0628792 0.000175739 0.00565888 0.000125581 6.45954e-05 0.931096
17 0.00179244 0.011516 0.0703991 0.000462358 0.00177123 0.914059
17 0.000998772 0.00944672 0.0100761 0.00109597 0.0268769 0.951506
