labels 6 0 15 20 3 17
6 0.754696 0.0116542 0.200911 0.0150849 0.00549824 0.0121553
6 0.993755 0.000291219 0.00265943 1.47847e-05 0.000351996 0.00292763
6 0.610246 0.172156 0.0145418 0.0371875 0.135857 0.0300115
6 0.983671 0.0001304 0.0122559 0.000138502 0.000407555 0.0033969
6 0.830694 0.001537 0.0875291 0.000769848 0.000399689 0.0790699
3 0.0227147 0.193704 0.00232737 0.0132081 0.764664 0.00338222
6 0.668343 0.0222797 0.011644 0.000388938 0.0125673 0.284777
6 0.949581 0.00314274 0.00759514 0.000511085 0.000620439 0.0385497
6 0.977203 0.000115897 0.0201697 0.000116948 2.789e-05 0.00236659
6 0.794943 0.00263793 0.0179892 0.000189819 0.000318105 0.183922
15 0.0491526 0.0139205 0.774569 0.00752024 0.00212361 0.152714
17 0.109897 0.000998399 0.143453 0.00106277 0.000565787 0.744023
6 0.870029 0.0121143 0.0197315 0.00493713 0.0118318 0.0813559
6 0.787767 0.0101027 0.0270946 0.152456 0.0157036 0.00687592
6 0.557694 0.00294314 0.197928 0.00151108 0.00146437 0.23846
15 0.0181898 0.00773679 0.759286 0.0966237 0.00317376 0.11499
6 0.61805 0.000197684 0.147839 0.000414335 6.99746e-05 0.233429
6 0.98897 0.000527171 0.00328406 0.00122625 0.00087138 0.00512125
6 0.912953 0.00158978 0.00902653 0.000240731 0.000505379 0.0756843
6 0.747459 0.000834045 0.0813882 0.00232703 0.0022029 0.165789
6 0.98311 0.000745431 0.00639457 5.29076e-05 0.000127378 0.00957015
6 0.546133 0.0198754 0.197756 0.188435 0.0230959 0.0247058
6 0.990343 0.000644704 0.00435351 0.00160931 0.00117799 0.00187189
6 0.708686 0.0227288 0.0144068 0.00850493 0.0184352 0.227238
6 0.964447 5.51237e-05 0.00459995 1.78193e-05 1.02517e-05 0.0308703
20 0.101276 0.0117048 0.266233 0.591661 0.0120484 0.0170758
6 0.827337 0.0225661 0.045295 0.0229939 0.0275583 0.0542495
17 0.090075 0.00283949 0.0607398 6.02257e-05 0.000499603 0.845786
15 0.152722 0.0461121 0.631432 0.112256 0.0279686 0.0295094
17 0.384412 0.0114992 0.0740213 0.00195405 0.0104337 0.51768
17 0.133522 0.0201819 0.262271 0.0152639 0.00205427 0.566707
15 0.131698 0.00578245 0.677653 0.00850576 0.0024551 0.173905
6 0.455681 0.317719 0.106347 0.00531996 0.0241595 0.0907735
6 0.569255 0.0111788 0.296647 0.0391635 0.00421946 0.0795357
6 0.610447 0.0301434 0.192201 0.106384 0.0268923 0.0339321
6 0.635952 0.0433528 0.0956856 0.0876826 0.0208457 0.116481
20 0.11761 0.00129108 0.250502 0.58198 0.00198574 0.0466317
6 0.98729 0.000658592 0.000758672 6.96329e-05 0.00108495 0.0101382
17 0.238554 0.00247811 0.0328278 0.000413777 0.000345405 0.725381
6 0.906989 0.00758296 0.0262483 0.0335317 0.00709843 0.0185495
0 0.0120311 0.543914 0.184682 0.0105084 0.228814 0.02005
0 0.00208315 0.688376 0.0534672 0.0104058 0.23971 0.00595781
0 0.00502565 0.740971 0.00865806 0.000384658 0.23729 0.00767055
0 0.100339 0.461968 0.0952925 0.0618303 0.217116 0.0634541
0 0.00225903 0.666894 0.0448716 0.00124974 0.280975 0.00375051
0 5.51683e-05 0.524332 0.000674358 0.00155985 0.473204 0.00017428
0 0.00124191 0.903111 0.00687591 0.0049557 0.0824998 0.00131582
0 0.00027682 0.639943 0.000466249 0.00111242 0.357948 0.000253089
0 0.000446983 0.685764 0.0094999 0.000304582 0.303548 0.000436652
0 3.14647e-05 0.802217 0.000617962 0.00115421 0.194941 0.00103789
0 0.0151804 0.821566 0.107187 0.015818 0.0305669 0.00968144
3 2.43309e-05 0.162683 0.000102369 0.000136971 0.837042 1.09066e-05
0 0.00306954 0.762856 0.059731 0.0218447 0.0885324 0.0639662
0 0.00665029 0.730147 0.133866 0.0024444 0.105183 0.0217088
0 0.0100136 0.798767 0.0137067 0.00278858 0.156121 0.0186026
3 0.00291048 0.364788 0.0928983 0.00783766 0.520023 0.0115424
3 0.000110631 0.159358 0.00146329 0.00287951 0.835934 0.000254927
0 0.0366444 0.460686 0.0560127 0.211044 0.192226 0.0433861
3 0.000310663 0.230287 0.0010442 0.00123074 0.766983 0.000144073
3 0.00173919 0.459055 0.00767774 0.0509754 0.477997 0.00255497
0 0.000862695 0.61532 0.0220624 0.0104904 0.34722 0.00404471
0 0.00239321 0.60396 0.151986 0.000971228 0.230841 0.00984856
3 0.000474252 0.427399 0.000964593 0.00282262 0.567502 0.000837178
0 0.0246443 0.78795 0.0496571 0.0223028 0.111002 0.0044434
0 0.0268497 0.54034 0.0128407 0.00060582 0.28705 0.132313
0 0.0322579 0.431938 0.103865 0.0056673 0.400722 0.0255497
3 0.00691968 0.392236 0.0848005 0.00335395 0.493728 0.0189618
20 0.00244555 0.156653 0.0916126 0.654951 0.0856918 0.00864671
0 0.000170399 0.66014 0.000333612 0.000931866 0.338324 9.99507e-05
0 0.0156214 0.348898 0.0622277 0.242935 0.318354 0.0119639
3 0.0113459 0.451758 0.0224711 0.0079269 0.494762 0.0117361
17 0.0387488 0.202571 0.255525 0.0479757 0.126733 0.328447
3 0.000263114 0.448917 0.000351923 0.00824749 0.542135 8.51283e-05
0 0.00296244 0.601739 0.00538372 0.110473 0.277387 0.00205503
0 2.80903e-05 0.707153 0.00119699 0.00298527 0.288346 0.00029104
0 0.0233947 0.563453 0.0215111 0.000858532 0.372057 0.0187255
0 0.042099 0.47867 0.0210424 0.238285 0.189824 0.0300799
20 0.0380893 0.30119 0.0686965 0.451453 0.119849 0.0207216
6 0.951671 0.00719856 0.00923253 0.000462951 0.00374036 0.0276948
0 0.00120996 0.491124 0.00358398 0.00196977 0.486573 0.0155391
15 0.0500429 0.00314287 0.815382 0.0584868 0.00271563 0.0702293
20 0.00205358 0.0900449 0.114682 0.737958 0.0341878 0.0210734
3 0.00873797 0.0870697 0.233818 0.209072 0.448874 0.0124282
15 0.0304709 0.00223018 0.773369 0.00107598 0.000489018 0.192365
17 0.00744099 0.000493339 0.14817 0.000948476 0.000482893 0.842464
15 0.0116472 0.00543774 0.938843 0.018097 0.000744898 0.0252299
15 0.0459278 0.00687416 0.88621 0.039928 0.0125282 0.00853201
15 0.00381387 0.18813 0.763883 0.0165828 0.0159766 0.0116132
15 0.270402 0.0254912 0.444672 0.199731 0.0356941 0.0240108
15 0.00776116 0.157559 0.554992 0.0996099 0.167079 0.012999
15 0.0172906 0.0766409 0.707274 0.116622 0.0527193 0.0294533
17 0.0775833 0.0106542 0.334117 0.00686172 0.00421791 0.566566
15 0.0583616 0.0333881 0.733765 0.11468 0.049143 0.0106622
15 0.00160352 0.00559153 0.907685 0.0005814 0.0822003 0.00233852
15 0.00507743 0.0273458 0.856683 0.00278577 0.101577 0.00653171
15 0.0275676 0.00774291 0.891524 0.00780354 0.00129611 0.0640661
15 0.030949 0.0023558 0.941149 0.000660411 0.000289455 0.0245965
15 0.00138885 0.00137843 0.781189 0.000365429 0.000249277 0.215429
15 0.223782 0.0556371 0.599655 0.0225545 0.0240458 0.0743262
15 0.122441 0.0120515 0.490696 0.270192 0.0116633 0.0929569
20 0.00377465 0.0109901 0.0952357 0.839614 0.049066 0.00131988
15 0.00267971 0.000786905 0.968318 0.00277258 0.000461065 0.024982
15 0.0247152 0.0634513 0.786558 0.00585146 0.0262708 0.0931529
15 0.00170987 0.00764684 0.822928 0.0096591 0.000838024 0.157218
15 0.0029806 0.00388321 0.953652 0.0209758 0.00332229 0.0151862
0 0.0081349 0.611908 0.0364125 0.0775393 0.219207 0.0467982
15 0.00260092 0.00103302 0.959715 0.030774 0.00116212 0.0047151
3 0.00397854 0.0557982 0.373737 0.011401 0.553066 0.00201968
6 0.536645 0.00848281 0.127321 0.00574211 0.0030953 0.318714
15 0.0465024 0.0019858 0.852134 0.0396456 0.000742015 0.05899
3 0.00338805 0.0712978 0.293565 0.0294266 0.551481 0.0508421
17 0.019464 0.00529651 0.377618 0.000766895 0.00253189 0.594322
20 0.00563683 0.0289431 0.158055 0.722792 0.0757966 0.00877625
15 0.0174857 0.00190459 0.765197 0.00118248 0.000335856 0.213895
15 0.0099225 0.0398097 0.849964 0.0131212 0.0770746 0.0101081
15 0.0037952 0.027871 0.92618 0.00460217 0.0137535 0.023798
15 0.0939703 0.0143314 0.730956 0.0349292 0.00217948 0.123634
6 0.448481 0.00588508 0.251602 0.011568 0.00343489 0.279029
15 0.0505777 0.000283556 0.722095 0.00019994 6.63247e-06 0.226837
15 0.0447327 0.0544911 0.77331 0.063028 0.00592652 0.0585118
20 0.00971694 0.00998686 0.0335389 0.921544 0.0232509 0.00196203
20 0.00571693 0.0362018 0.003224 0.783631 0.168544 0.00268212
20 0.00390267 0.110413 0.0699786 0.413263 0.39476 0.00768211
20 0.000880789 0.000532934 0.00218665 0.993033 0.00321599 0.000151034
20 0.00274605 0.00133496 0.00362809 0.985619 0.00645589 0.000215595
20 0.00136806 0.203807 0.0658218 0.673204 0.0223271 0.033473
0 0.000609096 0.925092 0.00441928 0.0203595 0.0413391 0.00818095
20 0.0015564 0.000504005 0.0177448 0.978343 0.00161898 0.000233227
20 0.000354119 0.00145547 0.0152546 0.979138 0.00230768 0.0014902
20 0.00026681 0.0476244 0.0100213 0.930021 0.0118899 0.000176683
20 0.000241421 0.00478825 0.0183341 0.968535 0.00781716 0.000284518
20 0.00224962 0.00775698 0.0252783 0.924891 0.00561017 0.0342144
20 0.00157315 0.0292164 0.00620285 0.803953 0.157089 0.00196562
20 0.00180681 0.00592879 0.00611075 0.9811 0.00124295 0.00381068
20 0.000129662 0.00579925 0.00150679 0.979147 0.0132804 0.000137145
3 0.00641896 0.0779209 0.00431164 0.0918354 0.817285 0.00222799
20 0.000975074 0.00404883 0.0133178 0.975778 0.00574705 0.000133406
20 0.0280179 0.0929807 0.0123424 0.828571 0.0362357 0.00185212
20 0.000417147 0.00288005 0.00313175 0.986597 0.00670912 0.000265346
20 0.00107911 0.000731475 0.00294049 0.993563 0.00149768 0.00018812
20 0.000107902 0.00774546 0.0061625 0.970819 0.0148574 0.000307259
20 1.35503e-05 0.0018191 0.000447726 0.996683 0.000942291 9.41655e-05
20 0.000303941 0.00187112 0.00826708 0.98005 0.00888611 0.000621809
20 0.00470923 0.00152682 0.00982857 0.98011 0.00340525 0.000420293
20 0.0149167 0.0559756 0.103239 0.791396 0.028397 0.00607505
20 0.00137974 0.0149499 0.0749063 0.888195 0.0190155 0.00155334
20 0.00308274 0.0247965 0.0640856 0.868672 0.00344531 0.0359173
20 0.000101972 0.000184159 0.00285668 0.995844 0.001004 9.56895e-06
20 0.00823285 0.0720087 0.0134146 0.687977 0.208977 0.00938956
20 0.00114742 0.0462054 0.0113681 0.843421 0.0956252 0.00223243
20 0.0013885 0.000436001 0.119546 0.87302 0.00144467 0.00416512
20 0.130533 0.133617 0.069935 0.561313 0.0819758 0.0226268
20 0.00280472 0.222735 0.0298622 0.630248 0.111499 0.00285199
20 0.00872784 0.0061717 0.010416 0.967428 0.00461639 0.00264041
3 0.00281739 0.325259 0.146687 0.0583119 0.461736 0.00518916
20 0.00142522 0.00669197 0.0441888 0.899227 0.0444544 0.00401219
20 0.0159197 0.00380647 0.0451815 0.931668 0.00144797 0.0019766
20 0.0153885 0.00311785 0.0122047 0.965611 0.00188263 0.00179509
20 0.000504822 0.0118626 0.0302652 0.943528 0.00217624 0.0116635
20 0.00813663 0.0283739 0.0226437 0.923232 0.0171543 0.000459118
3 0.000424441 0.245498 0.000493536 0.0002443 0.753193 0.000146118
0 0.00281426 0.858494 0.00158324 0.0176683 0.118137 0.00130264
3 0.0199327 0.364302 0.202368 0.0103261 0.39349 0.00958174
3 0.000209925 0.461364 0.000110863 4.09101e-05 0.538244 2.95911e-05
20 0.00109266 0.0884186 0.00420274 0.76756 0.138301 0.000424789
3 0.00315969 0.393432 0.118224 0.0052967 0.47424 0.00564774
3 0.00140463 0.230498 0.0885228 0.00268813 0.674199 0.00268765
3 0.00246012 0.071122 0.0126273 0.167439 0.742675 0.00367662
3 0.000193366 0.412713 0.000799903 0.00277876 0.583181 0.000334025
3 0.00307999 0.225394 0.0498431 0.0111183 0.705927 0.00463788
3 0.0036053 0.217367 0.00738298 0.00136228 0.709932 0.0603507
3 0.00101961 0.278965 0.0296676 0.00434507 0.682834 0.00316896
0 9.06366e-05 0.583956 0.00035891 0.000384703 0.41485 0.000359602
3 0.00347271 0.273066 0.132127 0.00833888 0.578319 0.00467538
3 0.000163291 0.0681661 0.000393469 0.0141421 0.917096 3.94286e-05
0 0.00400605 0.471081 0.159949 0.00425049 0.356309 0.00440428
0 0.000646269 0.784824 0.000365799 0.000301909 0.212966 0.000895666
3 0.000158647 0.18586 0.000470806 0.00236546 0.810251 0.000894612
3 0.00627124 0.231475 0.208535 0.00538299 0.537604 0.010731
3 0.00622855 0.425607 0.0537074 0.00958875 0.499044 0.00582442
0 0.000970881 0.669595 0.00311475 0.0591223 0.265595 0.00160205
3 0.000229332 0.334155 0.00100865 0.000357982 0.664028 0.000221496
3 9.96484e-05 0.321426 0.000100884 0.00117424 0.677129 7.05036e-05
3 0.000354896 0.117986 0.000102837 5.55552e-05 0.881421 8.01397e-05
0 0.000122137 0.546917 0.00289394 0.00852718 0.441205 0.000333933
0 0.012163 0.432488 0.318485 0.00980505 0.209684 0.0173746
3 0.0043825 0.461953 0.0337018 0.010545 0.485252 0.00416566
0 0.000832734 0.553671 0.0284056 0.00108762 0.414956 0.00104672
20 0.0174301 0.0538131 0.0151382 0.785886 0.123255 0.00447684
3 0.00212853 0.395363 0.0100349 0.0895981 0.500511 0.00236504
20 0.00545767 0.102399 0.162666 0.36941 0.352084 0.00798278
0 0.000485216 0.527126 0.00376325 0.00117954 0.46701 0.000435588
3 5.35971e-05 0.0337151 0.000140574 0.000265092 0.963868 0.00195783
20 0.00237684 0.232436 0.0230798 0.587055 0.151051 0.00400095
3 0.00491229 0.190869 0.0600481 0.006057 0.73283 0.00528322
3 0.00052046 0.156474 0.0111258 0.0357259 0.795296 0.000857522
3 0.000119914 0.266706 0.00206214 0.0237415 0.707095 0.000274993
20 0.00838391 0.135486 0.0534983 0.678426 0.113399 0.0108068
3 0.00364125 0.226991 0.205006 0.00235883 0.551188 0.0108146
0 0.000456901 0.614405 7.8031e-05 0.000382698 0.384638 3.92081e-05
17 0.00241378 0.00214618 0.0623018 0.000354922 0.000571717 0.932212
17 0.03545 0.0014885 0.0920122 0.000104328 4.79798e-05 0.870897
17 0.0967321 0.0428084 0.286103 0.116589 0.0121035 0.445664
17 0.0278387 0.00692999 0.0376252 0.000108745 0.00109936 0.926398
17 0.00068009 0.0051762 0.0137158 0.000360818 0.00315102 0.976916
17 0.127773 0.0530819 0.16182 0.001075 0.00622386 0.650027
17 0.00685618 0.00177229 0.00324159 0.000129937 0.00193947 0.986061
17 0.0679061 0.00113926 0.274269 0.00116237 0.000467171 0.655056
17 0.0568703 0.0155832 0.0102856 0.00101791 0.0206795 0.895564
17 0.0081546 0.000189301 0.199859 0.00103954 4.40443e-05 0.790714
17 0.00566618 0.00137019 0.129093 0.00419234 0.00123334 0.858445
17 0.000305141 0.000594434 0.00364934 0.000135106 0.00068813 0.994628
17 0.000335635 0.00114126 0.00565744 1.20905e-05 0.000344062 0.99251
17 0.211407 0.0498497 0.195267 0.00646368 0.0510322 0.485981
17 0.0610978 0.0019221 0.0986991 0.0025245 0.000493349 0.835263
17 0.0235025 0.0321244 0.00572481 0.000698111 0.038479 0.899471
17 0.022121 0.00116115 0.0575291 0.00182926 0.000150792 0.917209
17 0.0175113 0.0681306 0.025253 0.00194004 0.0622688 0.824896
20 0.225304 0.174506 0.123917 0.320869 0.0109966 0.144408
17 0.00110554 0.00301716 0.00309153 4.3965e-05 0.00144621 0.991296
17 0.0284883 0.0422206 0.0341744 0.00412477 0.0233678 0.867624
17 0.0380834 0.00108067 0.122844 0.000482347 0.000300139 0.83721
17 0.050919 0.00021567 0.00808163 3.15299e-05 2.11861e-05 0.940731
17 0.0185688 0.0194366 0.161855 0.00189832 0.00189523 0.796346
17 0.00516707 0.0349508 0.00522718 0.00496031 0.028625 0.92107
17 0.0141606 0.00465127 0.154899 0.0178235 0.000878805 0.807587
17 0.0421176 0.0206599 0.093005 0.00186654 0.0138637 0.828487
17 0.000794697 0.00462619 0.0461212 3.0014e-05 0.00188271 0.946545
17 0.0354747 0.0410153 0.0927618 0.000262896 0.00119684 0.829288
15 0.0527872 0.00453005 0.712913 0.0101614 0.00158045 0.218027
17 0.00430351 0.11658 0.125289 0.0093838 0.086044 0.6584
17 0.000113059 0.00678011 0.00645173 0.000177669 0.00874676 0.977731
17 0.0144889 0.0108643 0.011309 0.000468436 0.0445476 0.918322
17 0.00985757 0.000530954 0.017543 0.00010196 5.31048e-05 0.971913
17 0.00181349 0.0151591 0.00543223 0.000342309 0.0090734 0.968179
17 0.0109302 0.0124931 0.0123253 0.000402722 0.0107715 0.953077
17 8.40823e-05 7.34584e-05 0.00489682 1.03023e-05 6.7583e-06 0.994929
6 0.519584 0.000122832 0.00423913 9.47118e-05 3.91209e-05 0.475921
17 0.0010166 0.00448375 0.00161352 0.000107165 0.012971 0.979808
17 0.00335929 0.000470308 0.0186482 9.75481e-05 3.79973e-05 0.977387
