labels 6 0 15 20 3 17
6 0.992313 0.000537775 0.00538151 0.000171996 0.000112394 0.0014835
6 0.991162 0.00056643 0.00579697 0.000298003 0.000326731 0.00184967
6 0.988922 0.000521581 0.00780492 0.000118693 0.000174432 0.00245831
6 0.995884 0.000136215 0.0026652 3.61855e-05 4.23125e-05 0.00123586
6 0.997757 0.000603613 0.00104121 0.000102787 0.000187461 0.000308232
6 0.987592 0.000437864 0.00879747 0.000414785 0.000238773 0.00251882
6 0.993564 0.000309035 0.00306731 0.000411087 0.00103322 0.00161493
6 0.988087 0.000275293 0.00903656 3.67828e-05 0.000157363 0.00240678
6 0.988162 0.000441288 0.0103598 0.000171526 0.000122857 0.000742931
6 0.986072 0.000754261 0.00999235 0.00112027 0.000390169 0.0016709
6 0.987254 0.00122713 0.00796978 0.000545967 0.000218748 0.00278472
6 0.988098 0.000561852 0.00672245 0.00201613 0.00060043 0.00200153
6 0.995857 0.00030833 0.00271188 4.91603e-05 2.93553e-05 0.00104415
6 0.987782 0.00049674 0.01037 0.000309698 0.000322898 0.00071907
6 0.987306 0.000486953 0.0100615 0.000246635 0.00032201 0.00157733
6 0.996628 4.15133e-05 0.00195202 4.873e-05 9.82993e-05 0.00123127
6 0.98836 0.00106413 0.00693113 0.000186726 0.00092444 0.00253388
6 0.988681 7.34187e-05 0.0103144 0.000415412 2.90608e-05 0.000486705
6 0.990858 0.00109538 0.00589036 0.00132126 0.000556513 0.000278831
6 0.988197 0.00134938 0.00754644 7.33231e-05 0.000179979 0.00265409
6 0.993722 0.000830113 0.00278195 0.000269884 0.000946051 0.00144961
6 0.991536 0.000556044 0.00567641 0.000174807 0.000324849 0.00173235
6 0.989797 0.000411171 0.00707637 0.000162162 2.51077e-05 0.00252778
6 0.997488 0.000316186 0.000480802 5.82843e-05 0.000433033 0.00122362
6 0.987951 0.00046721 0.0103337 0.000234763 0.000242867 0.000770789
6 0.996078 0.00060967 0.0019527 3.97092e-05 5.74118e-05 0.00126257
6 0.993265 0.00082308 0.00376339 0.000211147 0.000507738 0.00142939
6 0.991285 0.000297059 0.00588978 0.000434273 0.000163268 0.00193095
6 0.98822 0.000331028 0.0103561 0.000229594 6.14514e-05 0.000801534
6 0.989849 0.000552308 0.00665745 4.70838e-05 0.000522274 0.00237204
6 0.993647 0.000961895 0.00257947 0.000302147 0.00131754 0.00119196
6 0.987431 0.00038981 0.00910206 0.000315896 0.000370554 0.00239075
6 0.998655 4.12294e-05 0.0011135 1.03013e-05 3.17053e-06 0.000176989
6 0.987979 0.00116862 0.00632911 0.00102522 0.00097168 0.00252626
6 0.988424 0.000229595 0.00851068 0.000192957 5.37117e-05 0.0025888
6 0.997716 1.40844e-05 0.00192169 6.33575e-06 2.40176e-06 0.000339583
6 0.994033 0.000243843 0.00433328 3.99009e-05 8.70193e-05 0.00126253
6 0.991135 0.000511512 0.00593009 0.00133087 0.000734464 0.00035852
6 0.987697 0.000499214 0.0102814 0.000214142 0.000156229 0.00115229
6 0.994999 1.3676e-05 0.00393835 0.000101075 7.68851e-06 0.000939956
0 0.00119262 0.984981 0.00208487 0.00121776 0.00843199 0.00209149
0 0.00250675 0.89513 0.0168541 0.00319476 0.0750447 0.00726928
0 0.000587355 0.901141 0.00167709 0.0170773 0.0788583 0.000659063
0 0.00104528 0.903091 0.000538614 0.000559784 0.0932541 0.00151145
0 0.00223287 0.900791 0.0169239 0.00488896 0.070416 0.00474763
0 0.00470159 0.928373 0.00981463 0.00506621 0.0445513 0.00749338
0 0.00204347 0.90229 0.00109718 0.0010692 0.0931128 0.000387284
0 0.000799603 0.89718 0.000543787 0.0135323 0.0869207 0.00102336
0 0.000154665 0.904516 0.000300708 5.07338e-05 0.0934546 0.0015235
0 0.000130336 0.90029 0.000348106 0.00659903 0.0921639 0.000468462
0 0.0101213 0.944851 0.00914037 0.00706041 0.0256166 0.00320984
0 0.0096036 0.889852 0.00803988 0.0109844 0.0748796 0.00664071
0 0.000363871 0.904983 0.000373044 0.000366735 0.09347 0.000443485
0 0.000411957 0.903793 0.000415264 0.00136622 0.0933046 0.000708855
0 0.00106156 0.903452 0.00110116 0.000443833 0.0933236 0.000618219
0 5.12407e-05 0.90522 0.000643696 0.000510887 0.093491 8.33926e-05
0 0.00525947 0.901074 0.00484105 0.0172124 0.0679937 0.00361924
0 0.000403078 0.898217 0.00209027 0.00721024 0.0915864 0.000493249
0 0.00124947 0.89368 0.00464191 0.0129845 0.0867082 0.000735524
0 0.00611943 0.894533 0.00193794 0.000444956 0.0897729 0.00719172
0 0.000519801 0.904793 0.000373624 0.000415872 0.0934215 0.000475711
0 0.000758785 0.89656 0.00184641 0.0132797 0.0869227 0.000632412
0 0.000605473 0.900958 0.000228189 0.00499535 0.0925776 0.000635756
0 0.000367551 0.900183 0.000407714 0.00672773 0.0920215 0.000293039
0 0.00754366 0.936308 0.00566133 0.00262849 0.0406227 0.0072359
0 0.00851072 0.955417 0.00470887 0.00211351 0.0247937 0.00445583
0 0.00160321 0.9087 0.00402146 0.0170545 0.0672722 0.00134846
0 0.000557707 0.902653 0.00309971 0.000224206 0.0930575 0.000408146
0 0.00982011 0.945238 0.00550406 0.00947146 0.0277084 0.00225785
0 0.00268119 0.966003 0.00519665 0.00187443 0.017106 0.00713827
0 0.000673735 0.895611 0.00504935 0.0150837 0.0831668 0.00041536
0 0.000113182 0.904515 0.00149008 0.000434275 0.0934183 2.87102e-05
0 0.000173456 0.904536 5.24887e-05 0.00186521 0.09335 2.25976e-05
0 0.00796702 0.924934 0.00386023 0.0015362 0.0496732 0.0120294
0 0.00165555 0.889917 0.0109074 0.00785376 0.0817894 0.00787732
0 0.00167847 0.901592 0.0013441 0.00130738 0.0929193 0.00115863
0 0.00359211 0.970145 0.00402397 0.00193582 0.0155254 0.00477763
0 0.00025835 0.950655 4.30593e-05 0.00110603 0.0478135 0.000123784
0 0.000457189 0.90206 0.00109168 0.00118937 0.0931208 0.00208074
0 0.00223489 0.900347 0.0171079 0.000995778 0.0727075 0.00660703
15 0.0060146 0.000496818 0.984835 0.000554232 0.000345262 0.00775436
15 0.00616853 0.00124214 0.985743 0.00281821 0.00144511 0.00258268
15 0.00306766 0.00103919 0.991088 0.000708895 0.00141929 0.00267649
15 0.00587551 0.000533128 0.985408 0.000267912 0.000144119 0.00777119
15 0.0063025 0.0004975 0.987892 0.00226983 0.000697931 0.00234005
15 0.00472821 0.00135559 0.984259 0.00118311 0.000608271 0.00786592
15 0.0059704 0.000467836 0.984183 0.00120694 0.000194662 0.00797762
15 0.00732015 0.00106667 0.982275 0.00063722 0.000345295 0.00835519
15 0.00881607 5.74352e-05 0.983302 0.00390564 2.49834e-05 0.00389376
15 0.00618839 0.000566387 0.983388 0.00138855 0.000535946 0.00793262
15 0.00625766 0.000153362 0.9828 0.00381482 0.000106934 0.00686748
15 0.00754228 0.0007079 0.981961 0.000951188 0.000396613 0.00844146
15 0.00327924 0.000823457 0.991258 0.000315897 0.00159924 0.00272452
15 0.00598073 0.000481108 0.984886 0.000572106 0.000333546 0.00774658
15 0.00148451 0.000659269 0.993346 0.00207958 0.000594557 0.00183642
15 0.0061151 0.000678162 0.985078 0.000193425 0.000125093 0.00781044
15 0.00336105 0.000682188 0.991395 0.000968827 0.00163489 0.0019582
15 0.00363383 0.00212516 0.986499 0.00113074 0.000978129 0.00563346
15 0.00417497 0.000761365 0.98639 0.00283786 0.000852623 0.00498314
15 0.0126898 0.00128359 0.97784 0.00124997 0.000588537 0.00634806
15 0.00457783 0.000285587 0.983795 0.0028338 0.000824023 0.00768375
15 0.0123604 0.000860323 0.977172 0.0014429 0.000525862 0.00763894
15 0.00337401 0.000625956 0.987027 0.00291651 0.000911972 0.0051443
15 0.0107156 0.0011979 0.977003 0.00316744 0.00111529 0.00680081
15 0.00566522 0.00152867 0.983339 0.000430099 0.000792216 0.00824447
15 0.00748151 0.000715533 0.983745 0.00323541 0.00056861 0.00425437
15 0.00339747 0.000868586 0.990078 0.00208655 0.000967021 0.00260189
15 0.00619039 0.00117203 0.984255 0.00153972 9.12689e-05 0.00675148
15 0.00600456 0.00230694 0.982024 0.00247986 0.00205576 0.00512861
15 0.00706386 0.00261031 0.980226 0.0011824 0.000882967 0.00803411
15 0.0036729 0.000835105 0.992347 0.00211041 0.000876906 0.000157497
15 0.0042472 0.0010616 0.988248 0.0023887 0.00137622 0.00267792
15 0.0023008 0.000817822 0.99286 0.000186598 0.0015392 0.00229531
15 0.0052321 3.71581e-05 0.98562 0.00115235 2.75939e-05 0.00793123
15 0.00801287 0.000577118 0.981801 0.00373239 0.00123729 0.00463948
15 0.00891828 0.00020818 0.984545 0.0036003 0.000523362 0.00220538
15 0.0120128 0.000174828 0.983129 0.000763752 9.45244e-05 0.0038247
15 0.0092675 0.000500519 0.980704 0.00060159 8.96656e-05 0.00883624
15 0.00277094 0.00102603 0.991685 0.000858664 0.00150611 0.00215349
15 0.00559342 0.0012391 0.983745 0.00106847 0.000450612 0.00790369
20 0.00143634 0.000190707 0.00258745 0.995401 0.000120614 0.000263846
20 0.000398257 0.00282577 0.000988777 0.993039 0.00250573 0.000242391
20 0.000779345 0.00274837 0.00146486 0.992721 0.00187486 0.000411082
20 0.000997748 0.00266657 0.00193209 0.993271 0.00104704 8.5679e-05
20 0.000478653 0.00261136 0.00142786 0.993244 0.00187114 0.000366838
20 0.000926127 0.00190848 0.00264097 0.990509 0.00380595 0.000209698
20 0.000789626 0.000460422 0.00217976 0.99514 0.00131611 0.000114327
20 9.89246e-05 0.00113207 0.00262175 0.995006 0.00110409 3.75262e-05
20 0.00181799 0.00091704 0.0016754 0.993946 0.00103187 0.000611533
20 0.000741577 0.00249146 0.0023541 0.992493 0.00150049 0.000419151
20 0.000782561 0.00169647 0.0031327 0.991386 0.00242965 0.00057265
20 0.00190359 0.00146926 0.00211752 0.992519 0.00157756 0.000412761
20 0.000268923 0.00248401 0.00168119 0.992646 0.00177183 0.00114831
20 0.000295394 0.00184079 0.00279446 0.993487 0.00147502 0.000107585
20 0.000882459 0.000219065 0.00262907 0.996097 0.000111231 6.13066e-05
20 0.000794847 0.00190371 0.00310612 0.990824 0.00333074 4.10427e-05
20 0.000806304 0.00277912 0.00194054 0.992156 0.00181652 0.000501032
20 0.000501943 0.00150894 0.0030612 0.991934 0.0027267 0.000266903
20 0.000439165 0.00194709 0.00279893 0.991941 0.00253093 0.000342966
20 0.00143247 0.00204111 0.00184423 0.992605 0.00196267 0.000114737
20 0.000405107 0.000342382 0.00255526 0.995886 0.000753411 5.77351e-05
20 0.00110364 0.00120928 0.00276955 0.993035 0.00101857 0.000864313
20 0.000887361 0.00250477 0.00234954 0.993162 0.00106104 3.5123e-05
20 0.000512359 0.00116746 0.00306958 0.991187 0.00350215 0.000561743
20 0.000812895 0.00210973 0.00306808 0.991657 0.00209571 0.000256795
20 0.00172176 0.00138258 0.00126424 0.991798 0.00362514 0.000208266
20 0.0017357 0.00222448 0.00306673 0.990045 0.00255844 0.000369452
20 0.00174383 0.000377624 0.002729 0.992563 0.00239333 0.000193587
20 0.000923949 0.00249556 0.0022018 0.99005 0.00402932 0.0002993
20 0.00201961 0.00259331 0.00245364 0.989022 0.00276183 0.00114988
20 0.000110267 0.00182918 0.00118271 0.992536 0.00414784 0.000193978
20 0.000985351 0.00101197 0.00264087 0.994573 0.000616721 0.000171723
20 0.000789535 0.00137535 0.00276876 0.992778 0.00210956 0.000178372
20 0.00121472 0.000846742 0.00103102 0.995599 0.00122482 8.39215e-05
20 0.000678589 0.00161204 0.00245279 0.991688 0.00241176 0.00115662
20 0.000785187 0.00109771 0.00279829 0.993055 0.00144917 0.000814808
20 0.000583394 0.00167081 0.00315066 0.991413 0.00289616 0.000285476
20 0.000639687 0.00140328 0.00282246 0.992275 0.00218933 0.000670235
20 0.000388152 0.00148572 0.00116938 0.992629 0.0040757 0.000252214
20 0.000686207 0.00222409 0.00159422 0.991074 0.00422222 0.000198825
3 0.00134829 0.0968026 0.00771907 0.00173677 0.891076 0.00131748
3 0.000640987 0.0989094 0.000372318 0.00170402 0.897894 0.00047883
3 0.00100569 0.0982636 0.00348823 0.000837986 0.894961 0.00144349
3 0.000480493 0.091136 0.0148306 0.00230996 0.890783 0.000460462
3 0.000587579 0.0905653 0.000812373 0.000448953 0.892669 0.0149164
3 0.00189276 0.0690605 0.017235 0.00283443 0.907438 0.00153942
3 0.0020827 0.0548774 0.00324065 0.0125069 0.9256 0.00169235
3 0.000486848 0.0989092 0.000583434 0.00134883 0.898083 0.000588808
3 0.000687559 0.0853222 0.00157087 0.0191108 0.892841 0.000467747
3 8.22633e-05 0.0990982 5.96101e-05 9.21177e-05 0.900613 5.43476e-05
3 0.00313278 0.097151 0.00170132 0.00421583 0.892794 0.00100548
3 0.000499341 0.0909381 0.00105585 0.0164022 0.890771 0.000333634
3 0.0018175 0.0626242 0.0149192 0.0026923 0.916466 0.0014804
3 0.000217821 0.0989736 0.00032714 0.000259577 0.900161 6.09878e-05
3 0.00077378 0.0972333 0.000486265 0.00844578 0.892865 0.000195646
3 0.000159373 0.0124624 0.000658052 0.00212359 0.984466 0.000130583
3 0.000367887 0.0988255 0.000898261 0.00204539 0.897163 0.00069998
3 0.000308303 0.087777 0.0165728 0.00418995 0.890684 0.000468382
3 0.000833599 0.0988102 0.00031815 0.00152142 0.898248 0.000268639
3 0.00051864 0.0988183 0.000708594 0.00151105 0.897694 0.000749612
3 0.00573086 0.0563078 0.00545 0.0150195 0.915496 0.00199604
3 0.000504851 0.048587 4.95191e-05 0.000189126 0.950496 0.000173963
3 0.000362506 0.0956751 0.00015452 0.00180484 0.901958 4.51216e-05
3 0.00201635 0.0940018 0.0121375 0.00114589 0.890031 0.000667085
3 0.00090849 0.0859293 0.0173506 0.00141682 0.893214 0.00118038
3 0.000365482 0.098929 0.000365816 0.00149924 0.898634 0.000206936
3 0.000175303 0.133733 0.000258064 0.00144008 0.864171 0.000222276
3 0.000496358 0.0988875 0.000297292 0.000826763 0.898626 0.000865672
3 3.78945e-05 0.0990286 0.000337654 0.000349456 0.899977 0.00026964
3 0.00145533 0.0468268 0.00760361 0.00968933 0.933057 0.00136755
3 5.52273e-05 0.0991507 8.27844e-05 8.4948e-05 0.900377 0.000249325
3 0.000156685 0.0659808 0.000388249 0.000780924 0.932548 0.000145464
3 0.00054165 0.0877288 0.0149286 0.00211808 0.885621 0.00906227
3 0.000690952 0.0877089 0.00125531 0.0182118 0.891473 0.000660362
3 0.00260766 0.0977131 0.000631029 0.0021461 0.89297 0.00393241
3 0.000199203 0.0937051 0.0126818 0.000749139 0.892223 0.000441278
3 0.000424859 0.0887214 0.0161063 0.00325112 0.890756 0.000740041
3 0.000561186 0.0983325 0.000403889 0.005478 0.895134 9.0118e-05
3 0.00200271 0.0496104 0.000177367 0.000496675 0.94707 0.000642478
3 0.000469312 0.0982081 0.000469142 0.00531361 0.895121 0.000418916
17 0.00222663 0.000219213 0.00641877 0.000318355 0.000169234 0.990648
17 0.000632998 0.000292385 0.00961625 0.000176843 0.000159019 0.989123
17 0.00128816 0.00024321 0.00950057 0.000175567 6.67975e-05 0.988726
17 0.0014734 8.29881e-05 0.00950069 2.17401e-05 5.75811e-05 0.988864
17 0.00228746 0.000357522 0.00889386 0.000142479 5.07382e-05 0.988268
17 0.00234912 0.000294771 0.00874591 8.56443e-05 9.16974e-05 0.988433
17 0.00137526 0.000471577 0.00930108 0.000842225 0.000517097 0.987493
17 0.00253864 0.000284764 0.0076912 0.000127583 9.00996e-05 0.989268
17 0.000516431 0.00159692 0.00930361 0.000211723 0.000276681 0.988095
17 0.00158423 0.000162964 0.00947034 0.000196096 8.04461e-05 0.988506
17 0.00139833 0.000924345 0.00295648 0.000142869 0.00104007 0.993538
17 0.0017899 0.00211394 0.00648645 8.40532e-05 0.000292049 0.989234
17 0.00195689 0.000195178 0.00926889 0.000218502 0.000216234 0.988144
17 0.00167703 0.00119459 0.00916946 0.000187032 0.000204027 0.987568
17 0.00120994 0.00039757 0.00230051 0.000275427 0.000546835 0.99527
17 0.000250456 0.00103747 0.00412824 0.000136091 0.00127772 0.99317
17 0.000551664 0.00177327 0.00912481 0.000215768 0.000874819 0.98746
17 0.0017026 0.000407663 0.00942939 7.31266e-05 0.000159217 0.988228
17 0.00184702 0.00126736 0.00521576 0.000490884 0.000199766 0.990979
17 0.0003621 0.000742378 0.00395609 0.00017549 0.00123096 0.993533
17 0.000197319 0.000504253 0.00191607 1.04292e-05 0.000249817 0.997122
17 0.00248771 0.000434997 0.0072085 0.000248079 0.000255159 0.989366
17 0.00209077 0.00041662 0.00914761 0.000139499 0.000276821 0.987929
17 0.000637664 0.000301318 0.00960585 5.08136e-05 6.58975e-05 0.989338
17 2.72399e-05 3.89684e-05 0.000883829 3.99389e-06 0.000120548 0.998925
17 0.00013903 0.000216774 0.00133923 1.73582e-05 0.000343084 0.997945
17 0.00010719 0.000467537 0.00159471 3.77759e-05 0.000502527 0.99729
17 0.00106115 0.000802867 0.0032448 0.000291508 0.00113124 0.993468
17 8.92994e-05 0.000458737 0.0034156 9.90237e-05 0.000915238 0.995022
17 0.00120855 0.000149107 0.00561407 4.90273e-05 3.39223e-05 0.992945
17 0.00235867 1.76052e-05 0.00683312 5.54866e-06 8.75255e-06 0.990776
17 9.18628e-05 4.93005e-05 0.00958448 0.000125352 0.000133379 0.990016
17 0.00117649 0.00109144 0.00439947 0.000491431 0.00169949 0.991142
17 0.00201673 0.00030473 0.00919638 3.60696e-05 3.66056e-05 0.988409
17 0.001182 0.000826987 0.00373058 4.53898e-05 0.00121927 0.992996
17 0.00244714 0.000252982 0.00837828 0.000524717 0.000161407 0.988235
17 0.00190224 0.000470116 0.00931028 0.000200803 0.000251173 0.987865
17 0.000451687 0.00225056 0.00784393 0.000359259 0.000903368 0.988191
17 0.00233019 7.99305e-05 0.00879613 0.000142814 1.63625e-05 0.988635
17 0.00116811 0.000994811 0.00343206 3.27214e-05 0.00105577 0.993317
6 0.987211 0.000465858 0.00995128 0.00126536 0.000338616 0.000768365
6 0.98855 0.00269332 0.00624417 0.000144149 0.000313648 0.00205433
6 0.991189 0.00144116 0.00511541 0.000136851 0.00027572 0.00184184
6 0.991307 0.000679919 0.0045853 0.000884282 0.000437269 0.00210667
6 0.994294 0.000675557 0.00242314 0.000384065 0.000835876 0.0013876
6 0.989942 0.000509307 0.006983 0.00190167 0.000396988 0.00026714
6 0.993768 0.000725352 0.00238034 0.000353967 0.00105571 0.0017163
6 0.988906 0.00108761 0.00683392 0.000266363 0.000457358 0.00244896
6 0.987162 0.000610031 0.0101749 0.000250554 0.000414054 0.0013889
6 0.991225 0.000984413 0.00563584 0.000162968 0.000258813 0.00173335
6 0.987156 0.000413859 0.00958811 0.000515385 0.000309644 0.00201728
6 0.987274 0.000415969 0.00932153 0.000428979 0.000306395 0.00225324
6 0.987366 0.000519701 0.00985307 0.000137316 0.000301873 0.00182206
6 0.994932 0.00129269 0.00224819 0.00043994 0.000541915 0.000545202
6 0.997661 0.000661207 0.00122733 2.40533e-05 0.000123387 0.000302721
6 0.99404 0.000764591 0.00223157 0.000431536 0.000934448 0.00159802
6 0.987945 0.000405082 0.0103724 0.000282517 0.000308877 0.000685815
6 0.991187 0.000535553 0.00598037 0.000197198 0.000133983 0.00196606
6 0.989507 0.000522188 0.00699452 0.000168098 0.000316257 0.00249184
6 0.997205 0.000159332 0.00180534 0.000112494 0.000302813 0.000414939
6 0.993291 5.63686e-05 0.00525241 2.69776e-05 2.5867e-05 0.00134731
6 0.98598 0.00106388 0.0100327 0.000693321 0.000426707 0.00180334
6 0.993341 0.000894009 0.00301172 0.000220606 0.000861724 0.00167106
6 0.990756 0.00141041 0.00517439 0.000197676 0.000581765 0.00187956
6 0.98933 0.00189341 0.00574152 0.00171329 0.000348425 0.000973488
6 0.99608 7.14345e-05 0.00227064 0.000245058 6.70257e-05 0.00126538
6 0.992156 0.000934853 0.00529337 0.000115223 6.96619e-05 0.0014309
6 0.993688 0.000858656 0.00260221 0.000270181 0.00154942 0.00103199
6 0.992341 0.000898657 0.0037132 0.000917148 0.000821606 0.00130791
6 0.992403 0.00142288 0.00345819 0.000167913 0.00144029 0.00110727
6 0.993661 0.000765598 0.00275804 0.000409415 0.000888128 0.00151803
6 0.987426 0.000445913 0.0101372 0.000249793 0.000288703 0.00145211
6 0.990429 0.00134348 0.00559828 0.000287338 0.000464037 0.00187755
6 0.991852 0.000642299 0.00450056 0.00114334 0.000644434 0.00121776
6 0.99623 0.000693826 0.000837571 8.88903e-05 0.000819634 0.00132984
6 0.987319 0.000418051 0.00970482 0.0014598 0.000300958 0.000797294
6 0.992801 0.000433016 0.00522 0.000141074 7.8827e-05 0.00132628
6 0.99167 0.000303874 0.00589195 7.7174e-05 0.000156423 0.00190012
6 0.99236 0.000536875 0.00540921 9.08734e-05 0.000103683 0.00149899
6 0.992689 0.000962184 0.00319526 0.000220087 0.00104557 0.00188761
0 0.000753701 0.995192 0.000874567 0.000543236 0.00194751 0.000689014
0 0.00228881 0.916516 0.00194033 0.000737393 0.0772236 0.00129415
0 0.00058475 0.904245 0.000245422 0.00111785 0.0934215 0.000385943
0 0.000594436 0.905207 0.000113193 0.000309821 0.0935037 0.000271426
0 0.000804276 0.897255 0.00933949 0.000531131 0.0902241 0.00184638
0 0.00230112 0.900335 0.00225629 0.0010642 0.0928414 0.00120188
0 0.000815462 0.89861 0.000712838 0.0081206 0.0913118 0.000429043
0 0.000267842 0.900187 0.00247346 0.00329957 0.0927397 0.00103259
0 0.000312213 0.904607 0.000374238 0.000912047 0.0933481 0.000446374
0 0.000633717 0.984182 0.0028043 0.000309723 0.0104791 0.0015909
0 0.00565782 0.916806 0.01427 0.0010355 0.059925 0.00230545
0 0.00254501 0.89174 0.00620954 0.0134016 0.0813613 0.00474302
0 0.000290665 0.816937 0.000383121 0.0024438 0.179664 0.000282061
0 0.00083485 0.896128 0.00243707 0.0143037 0.085303 0.000992857
0 0.000548441 0.902311 0.000686019 0.00295272 0.0931132 0.000388886
0 0.00164346 0.933381 0.00298074 0.00968646 0.0512973 0.00101113
0 0.000894276 0.902229 0.00166319 0.00047777 0.0930923 0.00164301
0 0.000417211 0.902308 0.00103363 0.00282814 0.0930835 0.000329777
0 0.00115022 0.896904 0.00211597 0.0055424 0.0914394 0.00284779
0 0.00102808 0.900324 0.00443295 0.00137184 0.0926295 0.000213904
0 0.0152963 0.892756 0.00875082 0.000849626 0.0785189 0.00382789
0 0.000967693 0.898857 0.00270983 0.00138919 0.092488 0.00358797
0 0.000301891 0.905224 7.14e-05 0.000776192 0.0935665 6.00669e-05
0 0.0171762 0.898788 0.00733177 0.0014132 0.0672788 0.0080118
0 0.000635663 0.90369 0.00108606 0.000846749 0.0933495 0.000391529
0 0.000722126 0.902496 0.00105533 0.00208188 0.0931412 0.000503133
0 0.000122637 0.904139 0.000289447 0.00190134 0.093365 0.000182616
0 0.0043482 0.903017 0.0161395 0.00069164 0.0743901 0.00141402
0 0.000427488 0.90475 0.000116869 0.000910342 0.0933634 0.000431419
0 0.000456387 0.905051 0.000455463 0.000121805 0.0934086 0.000506675
0 0.00364827 0.897851 0.00277073 0.000919156 0.0918736 0.00293683
0 0.000400944 0.900101 0.00136918 0.00408875 0.0926912 0.00134862
0 0.000863247 0.896186 0.0027986 0.000864809 0.0900472 0.00923974
0 0.00239777 0.906694 0.0168318 0.00120222 0.0700563 0.00281787
0 0.000711586 0.900012 0.00127138 0.0128427 0.08444 0.000722627
0 0.00064134 0.991007 0.00127651 0.00201022 0.00422345 0.000841126
0 0.000491207 0.902702 0.000414269 0.00301919 0.0930265 0.000346654
0 3.61479e-05 0.905637 7.6929e-05 0.000651372 0.0935935 4.82491e-06
0 0.00750869 0.893027 0.0033525 0.000307387 0.0889623 0.00684204
0 0.00154723 0.891355 0.00395761 0.00654449 0.0891264 0.00746946
15 0.0123569 0.000628827 0.978213 0.000668287 0.000311681 0.00782158
15 0.00308872 0.000937692 0.990554 0.00226765 0.00101753 0.00213418
15 0.00547305 0.000735087 0.985288 0.000380517 0.000145807 0.00797733
15 0.00444811 0.000429152 0.990488 0.00207607 0.000846476 0.00171181
15 0.00259638 0.00102914 0.991542 0.00092648 0.00143197 0.00247368
15 0.00284375 0.000677739 0.991271 0.000833591 0.00164732 0.00272617
15 0.00333788 0.00109116 0.989025 0.000659324 0.00222552 0.00366127
15 0.00735429 0.000635155 0.986138 0.00300484 0.000483582 0.00238432
15 0.00108428 0.000918921 0.993349 0.000714198 0.00135197 0.00258114
15 0.00773283 0.000768363 0.981052 0.00395207 0.000187736 0.00630694
15 0.00704377 0.000323429 0.982353 0.00150399 0.000475525 0.0083003
15 0.00844263 0.000874228 0.980693 0.00111389 0.000258609 0.00861791
15 0.00916612 0.00089324 0.978161 0.00236251 0.000586407 0.0088303
15 0.0119852 0.000566099 0.982628 0.00230534 0.000552653 0.00196294
15 0.00597932 0.00015733 0.985039 0.000809972 0.000268629 0.00774547
15 0.00327139 0.000851684 0.989835 0.00147521 0.0019655 0.00260072
15 0.00233692 0.000423704 0.987993 0.00136373 0.000130307 0.00775233
15 0.00307434 0.000683752 0.992066 0.000942407 0.00165332 0.00158061
15 0.00691365 0.00011088 0.983742 0.000969269 2.30369e-05 0.0082407
15 0.00774895 0.000549977 0.981808 0.0010158 0.000365944 0.00851175
15 0.00927357 0.000886303 0.982951 0.00374687 0.00129492 0.00184695
15 0.00868172 0.00150202 0.982672 0.00377131 0.00112777 0.00224559
15 0.00402663 0.000879523 0.983653 0.00205939 0.00156078 0.00782065
15 0.00591515 0.00112634 0.988259 0.00264208 0.000534407 0.00152288
15 0.00312968 0.00114084 0.990469 0.00074586 0.00158403 0.00293082
15 0.0118439 0.000343912 0.978145 0.000919226 0.000381212 0.00836653
15 0.00615983 0.00116446 0.987083 0.0029829 0.000530283 0.00207956
15 0.0091429 0.000395824 0.981971 0.00400377 0.000537406 0.00394947
15 0.00905017 0.000507889 0.980715 0.00388474 0.00151026 0.00433148
15 0.00332943 0.000883041 0.990732 0.000588005 0.00168135 0.00278629
15 0.00316536 0.000883198 0.990652 0.00101231 0.00161078 0.00267656
15 0.00994791 0.000614965 0.979585 0.000631166 0.000331046 0.0088904
15 0.0120745 0.000211222 0.981461 0.000157259 8.03413e-06 0.00608811
15 0.00142126 0.000562673 0.993821 0.000827002 0.00150919 0.00185862
15 0.0113852 0.000502631 0.978898 0.000506344 0.00011881 0.0085894
15 0.0121872 0.000291999 0.98236 0.000843154 0.00013918 0.00417891
15 0.00301672 0.00105114 0.990874 0.000932677 0.00141724 0.00270798
15 6.61678e-06 7.93963e-06 0.996701 5.81128e-05 1.46033e-05 0.00321165
15 0.00364744 0.00126979 0.987073 0.00221568 0.00210362 0.00369036
15 0.0125205 0.000327777 0.981368 0.000619386 0.000300857 0.00486329
20 0.000134315 0.0019115 0.00161155 0.991975 0.00416183 0.000205326
20 0.00170414 0.0020437 0.00281475 0.990427 0.00262969 0.000380455
20 0.000144072 0.00281481 0.001516 0.991438 0.00391095 0.00017602
20 0.00124225 0.00222837 0.00121288 0.990586 0.00412888 0.00060119
20 0.000801041 0.00227153 0.00155607 0.990757 0.00419889 0.000415887
20 0.00101337 0.00165328 0.00317124 0.991394 0.00254928 0.000218856
20 0.00147938 0.00267838 0.00282183 0.990792 0.00209305 0.000135626
20 0.00090417 0.00200043 0.00303535 0.991748 0.00204587 0.00026588
20 0.000536025 0.00125275 0.00257666 0.993402 0.00203283 0.000200174
20 0.000585648 0.0005539 0.00255972 0.995345 0.000760894 0.000195114
20 0.000855706 0.00144775 0.00269466 0.993355 0.00145719 0.000189696
20 0.000408432 0.00266091 0.0011257 0.993204 0.00214972 0.000451301
20 0.000121012 0.00253043 0.00110657 0.994088 0.0020952 5.83283e-05
20 0.000645685 0.00129174 0.0025886 0.994585 0.000678495 0.000210816
20 9.15537e-05 0.00274445 0.00166699 0.992914 0.00235002 0.000232798
20 0.00011289 0.00143112 0.00274441 0.993422 0.0020926 0.000197405
20 0.0010064 0.00311073 0.00145736 0.990798 0.0033894 0.000237911
20 0.000705189 0.00303802 0.000928394 0.991693 0.00353282 0.000102782
20 0.00110675 0.00120816 0.00173535 0.99102 0.00381941 0.00110984
20 0.00117789 0.00180267 0.00327805 0.990487 0.00276294 0.000491154
20 0.000986758 0.00242725 0.00222846 0.990153 0.00406437 0.000139887
20 0.000869424 0.00152693 0.00297103 0.991824 0.00193823 0.000870445
20 0.000689068 0.00124946 0.00269311 0.992952 0.00214758 0.000268675
20 0.00159047 0.000896196 0.0028777 0.991261 0.0029701 0.000404395
20 0.0012542 9.32436e-05 0.0026914 0.995903 3.44812e-05 2.31906e-05
20 0.000112953 0.00262498 0.000261589 0.994778 0.00213072 9.13806e-05
20 0.00113685 0.00287013 0.00143495 0.992413 0.00160434 0.000540336
20 0.00174124 0.00278189 0.0016333 0.991256 0.00165392 0.000933695
20 0.00200947 0.00154323 0.00141404 0.991801 0.00288548 0.000346717
20 0.000774958 0.00231842 0.00253494 0.992772 0.00118908 0.000410693
20 0.00175117 0.00255059 0.00283584 0.989618 0.00243542 0.000808875
20 0.000169996 0.000991606 0.00148454 0.993059 0.00408031 0.000214249
20 0.000600598 0.00168875 0.00173878 0.991539 0.00418908 0.000243462
20 0.000729049 0.00212625 0.00268881 0.99221 0.00124966 0.000996679
20 0.000548039 0.00203667 0.000477181 0.992706 0.00414884 8.35692e-05
20 0.0004852 0.00252128 0.00245033 0.991802 0.00219928 0.000542361
20 0.00123504 0.000445134 0.00300117 0.992498 0.00278216 3.82611e-05
20 0.00170468 2.29909e-05 0.0021739 0.995472 0.000139716 0.000486837
20 0.00134891 0.000517198 0.00286089 0.993119 0.00167274 0.000480813
20 0.00101969 0.0012876 0.00274849 0.993437 0.00109111 0.000416127
3 0.00131572 0.0547432 0.0105042 0.00646856 0.925094 0.00187417
3 0.00221952 0.050373 0.0072606 0.0030561 0.935407 0.00168374
3 0.00151059 0.0700526 0.0174572 0.00136592 0.907409 0.00220429
3 0.00064697 0.0987898 0.00100601 0.00180163 0.897546 0.00020913
3 0.00352547 0.0504645 0.00967727 0.0140858 0.920933 0.00131373
3 4.63081e-05 0.0989332 2.26315e-05 0.00199835 0.898974 2.51361e-05
3 0.00109377 0.0675599 0.0167145 0.00221066 0.910565 0.00185624
3 0.000754865 0.0984769 0.00258135 0.00213799 0.895559 0.000490189
3 0.000445903 0.0989654 0.000289581 0.0006907 0.899279 0.000329127
3 0.000389394 0.0987258 0.000505818 0.00255324 0.897652 0.000173944
3 0.000879394 0.0988842 0.000242229 0.00109628 0.89814 0.000758154
3 0.000608237 0.098923 9.05578e-05 0.0014959 0.898623 0.000259542
3 0.000114807 0.0988646 0.000224061 0.00167754 0.898927 0.00019224
3 0.000351719 0.0988417 0.000388081 0.00202273 0.898209 0.000186298
3 0.000449799 0.0942916 0.00466584 0.0115174 0.887947 0.00112868
3 0.000822635 0.0820482 0.000874175 0.0198237 0.895937 0.000494641
3 0.00719703 0.0963615 0.000493227 0.000827489 0.890062 0.00505899
3 0.000308136 0.0988344 0.000399943 0.00214872 0.897929 0.000380198
3 0.000711877 0.0988123 0.000265208 0.00164439 0.898167 0.000398978
3 0.000485775 0.0987394 0.00086872 0.00223379 0.897298 0.000374056
3 6.84663e-05 0.0990826 6.57167e-05 0.00023335 0.900119 0.00043061
3 0.000353077 0.0987767 0.000395847 0.00261846 0.897676 0.000179844
3 0.000942181 0.0985105 0.000419122 0.00375415 0.896314 5.99629e-05
3 0.000448271 0.0984814 0.0026645 0.00129656 0.896043 0.00106656
3 3.64007e-05 0.0990596 3.39626e-05 0.00010732 0.900712 5.09315e-05
3 0.000450189 0.0982962 0.00060354 0.00544177 0.89491 0.000298099
3 0.000605608 0.00774381 6.33224e-05 7.04531e-05 0.990969 0.00054809
3 0.000989135 0.0774137 0.00959895 0.00564749 0.888841 0.0175099
3 0.000996616 0.0967667 0.00115086 0.0011075 0.892313 0.00766576
3 0.000871958 0.0779628 0.0183975 0.00216782 0.898167 0.00243342
3 0.000356156 0.0986463 0.00300334 0.000110509 0.897338 0.000545303
3 0.00160685 0.0502885 0.00715555 0.00266017 0.936069 0.00222032
3 0.000663041 0.0409553 0.00231821 0.00776794 0.948043 0.000252629
3 0.000537376 0.0984004 0.0010603 0.00452543 0.894938 0.000538704
3 0.00175733 0.0851165 0.0171518 0.00460308 0.889442 0.00192889
0 0.00020493 0.68382 0.000194086 0.000793751 0.314858 0.000129715
3 0.00135456 0.096406 0.007988 0.00256823 0.890052 0.00163078
3 7.48114e-05 0.0991364 2.73859e-05 0.000770214 0.899976 1.48334e-05
3 0.000500735 0.0987919 0.000446017 0.00235243 0.897497 0.000411919
3 0.0015087 0.0636643 0.00460462 0.0173358 0.911731 0.00115528
17 0.000336724 0.000474574 0.00316252 0.000459477 0.000887564 0.994679
17 0.00122252 0.000394301 0.00247207 0.000152861 0.000498666 0.99526
17 0.000526531 0.000516564 0.00279028 0.000281656 0.000896208 0.994989
17 0.00122937 0.000408815 0.00211274 0.000221777 0.000496038 0.995531
17 0.000645577 0.000671134 0.00267288 0.000143013 0.000796019 0.995071
17 0.000488538 0.000210807 0.00955193 0.000803935 0.000183562 0.988761
17 0.00153009 5.50042e-05 0.00946141 0.000145915 4.07514e-05 0.988767
17 0.00175743 0.000243299 0.00938206 8.27083e-05 1.0343e-05 0.988524
17 0.00109603 0.00100909 0.00409842 5.67594e-05 0.00112878 0.992611
17 0.00157536 0.000185845 0.00946659 3.65624e-05 3.42603e-05 0.988701
17 0.000728183 0.000568342 0.00257132 0.000308099 0.000997127 0.994827
17 0.00229226 0.00109284 0.00859997 0.000190755 0.000179876 0.987644
17 0.0025104 0.000172999 0.00819122 3.74385e-05 1.1435e-05 0.989077
17 0.00125498 0.000210913 0.00956983 0.000245198 0.000170021 0.988549
17 0.00120804 0.00143036 0.00936341 0.000220233 0.00021272 0.987565
17 0.000467849 0.000459444 0.00305248 0.000331281 0.000825802 0.994863
17 0.00113041 0.0020734 0.00847919 0.000473895 0.000653164 0.98719
17 0.00138234 0.00109579 0.0027275 0.000123979 0.000787424 0.993883
17 0.00240004 0.000329803 0.0086277 3.30187e-05 5.93095e-05 0.98855
17 0.000676835 0.000269852 0.00959943 2.70915e-05 6.36667e-05 0.989363
17 0.0019367 8.41171e-05 0.00694767 4.20087e-05 4.71216e-05 0.990942
17 0.00220681 0.000215719 0.00637893 4.986e-05 2.08581e-05 0.991128
17 0.000759967 0.000234329 0.00433399 4.78454e-05 2.35096e-05 0.9946
17 0.00246806 0.000360364 0.00844114 5.37965e-05 3.07444e-05 0.988646
17 0.00242358 0.00029126 0.00698501 0.000219735 0.000126846 0.989954
17 0.000554046 0.000285513 0.00957282 3.03265e-05 2.21536e-05 0.989535
17 0.00162588 0.000232268 0.0094383 0.000210852 0.000158151 0.988335
17 0.00227033 0.000390441 0.00651827 0.000281428 0.000164476 0.990375
17 0.00120412 0.00143271 0.00934648 0.000254224 0.00023038 0.987532
17 0.00037855 0.000478544 0.00297898 0.000362534 0.00085076 0.994951
17 6.34146e-05 0.000107463 0.00956524 4.1288e-05 3.68118e-05 0.990186
17 0.000665302 0.000232271 0.00960965 0.000250166 0.000154764 0.989088
17 0.000651237 0.000269088 0.00962242 0.000188182 0.000148552 0.989121
17 0.00105408 0.000189036 0.00310699 0.000130018 0.000217824 0.995302
17 0.00165692 0.000365512 0.00945819 0.000158019 0.000215131 0.988146
17 0.000761871 0.00090291 0.00698459 0.000299959 0.00215118 0.988899
17 0.00210991 0.000248898 0.00912238 0.000249695 0.000163367 0.988106
17 0.000225273 0.00195482 0.00872677 5.2959e-05 0.00113593 0.987904
17 0.00116715 0.000623386 0.00251478 0.000244159 0.000503313 0.994947
17 0.000385484 8.1512e-05 0.000634159 1.07723e-05 6.09967e-05 0.998827
6 0.987006 0.000480532 0.00989484 0.000547572 0.000314101 0.00175722
6 0.997383 0.000505405 0.00118431 1.03274e-05 0.000310844 0.0006061
6 0.994177 0.00078907 0.00212414 0.000246912 0.00136676 0.00129599
6 0.988639 0.000142633 0.0101761 6.36766e-05 0.000135978 0.000842672
6 0.989247 0.00046004 0.00740684 0.000186048 9.34489e-05 0.00260623
6 0.994216 0.00103354 0.00239024 0.000264403 0.00161826 0.000477097
6 0.994003 0.000780742 0.00285074 9.72407e-05 0.00087532 0.0013928
6 0.996705 0.000522001 0.00134823 4.47317e-05 0.000146845 0.00123332
6 0.988935 4.21329e-05 0.0102234 3.45424e-05 9.19062e-06 0.000755329
6 0.992862 0.000533995 0.00517945 3.17857e-05 0.000116452 0.00127663
6 0.987272 0.00053496 0.0101286 0.000235935 0.000366996 0.00146156
6 0.991514 0.000274232 0.00585502 0.00017946 0.000300785 0.00187659
6 0.994129 0.000743833 0.00246546 0.000332609 0.000890176 0.00143904
6 0.990984 0.00125973 0.00535267 0.00118804 0.000744871 0.000470751
6 0.989674 0.000530678 0.00710878 3.6559e-05 0.000118326 0.00253131
6 0.986958 0.00045468 0.00972939 0.00105005 0.000336335 0.00147171
6 0.987776 0.000329024 0.00957024 0.000196462 3.54392e-05 0.00209289
6 0.995255 0.000163024 0.00230637 0.000329089 0.000453623 0.00149248
6 0.992107 0.00100983 0.00507976 0.000127137 0.000386438 0.00128968
6 0.98805 0.000433531 0.00828755 0.000245521 0.000351055 0.00263189
6 0.993827 0.000589139 0.00399582 4.06531e-05 0.000101127 0.00144596
6 0.987014 0.000824058 0.00830163 0.00228554 0.000618456 0.000955855
6 0.992105 0.000728727 0.0037885 0.000758675 0.00111428 0.00150509
6 0.993498 0.00108132 0.002524 0.00037859 0.000900256 0.00161811
6 0.993777 7.71658e-05 0.00480191 2.19374e-05 1.71862e-05 0.00130459
6 0.987361 0.000557289 0.00930486 0.00180442 0.000417788 0.000554762
6 0.992696 0.000758713 0.00322321 0.000414977 0.00103546 0.00187134
6 0.99232 0.000552234 0.00529321 9.08415e-05 0.000347394 0.00139674
6 0.987207 0.000571907 0.0099107 0.00133431 0.000596617 0.000379711
6 0.990906 0.00097205 0.00565172 0.000182679 0.000561721 0.00172551
6 0.991009 0.000601546 0.00574911 0.00042908 0.00032067 0.00189083
6 0.987466 0.000434316 0.010113 0.000219423 0.00030918 0.0014583
6 0.990247 0.00212278 0.00478461 0.000227224 0.000580638 0.00203794
6 0.987134 0.000485465 0.00998819 0.00104964 0.000325069 0.00101754
6 0.98598 0.00106652 0.00914765 0.00213331 0.000424035 0.00124854
6 0.985909 0.0023124 0.00751607 0.00187948 0.000875629 0.00150737
6 0.991373 0.000409786 0.00538179 0.0012281 0.000337555 0.00127027
6 0.996922 0.000695076 0.000372531 3.19773e-05 0.00071367 0.00126428
6 0.992206 0.000535077 0.00536507 0.000120863 0.000309501 0.00146312
6 0.987604 0.00122255 0.00685682 0.0016544 0.000633391 0.00202903
0 0.00116885 0.898198 0.00513698 0.000590124 0.0920768 0.00282918
0 0.00175466 0.893501 0.0152578 0.00486174 0.0810172 0.00360724
0 0.00135233 0.902304 0.000977657 0.000214593 0.0931335 0.00201805
0 0.0125446 0.934259 0.0069805 0.00331535 0.0353948 0.00750573
0 0.000822907 0.899064 0.0072458 0.000298727 0.0913405 0.00122795
0 0.000214656 0.904981 0.000165268 0.00102474 0.0934514 0.000163039
0 0.000912342 0.912556 0.00537337 0.00645233 0.073524 0.00118239
0 0.000617168 0.903913 0.000436585 0.00123335 0.0933325 0.00046771
0 0.000685162 0.904887 0.000442709 0.000366587 0.0934431 0.000175159
0 7.07118e-05 0.904899 0.000210293 0.00109883 0.0934906 0.000230153
0 0.000750421 0.994703 0.000900129 0.000892964 0.00211774 0.0006354
0 2.79617e-05 0.825952 0.000119327 0.000454066 0.173371 7.56235e-05
0 0.00143008 0.896144 0.0134708 0.00889181 0.0741019 0.00596118
0 0.00133416 0.892801 0.00973695 0.000444694 0.083975 0.0117082
0 0.00758147 0.894868 0.00469413 0.0010581 0.078285 0.0135132
0 0.000671637 0.902969 0.00180816 0.00064477 0.0931405 0.000766106
0 0.000227698 0.903544 0.00083531 0.0017313 0.0933112 0.000350536
0 0.00368758 0.951655 0.00494146 0.00842111 0.0265492 0.00474566
0 0.000243501 0.904914 0.00021987 0.000991687 0.0934961 0.000134775
0 0.000381252 0.904273 0.000597119 0.00113025 0.0933366 0.000281986
0 0.000555367 0.901257 0.00275768 0.00175812 0.0929514 0.000720207
0 0.000542466 0.898427 0.00938519 0.000152737 0.0903213 0.00117092
0 0.000484298 0.903748 0.000437889 0.00149495 0.0933577 0.000477426
0 0.0159817 0.912126 0.0112118 0.00785936 0.0504931 0.0023278
0 0.0115936 0.913272 0.00334267 0.000795722 0.0556609 0.015335
0 0.00594691 0.890374 0.0082378 0.000572938 0.0886724 0.00619632
0 0.000774565 0.895931 0.0134603 0.000240205 0.0856272 0.00396691
0 0.00208914 0.934875 0.00806117 0.010126 0.0429559 0.00189255
0 0.000300472 0.903435 0.000107083 0.0028499 0.0931979 0.000110099
0 0.00942993 0.892178 0.00934934 0.0172159 0.0695425 0.00228417
0 0.00406149 0.893748 0.00613847 0.00264342 0.0891961 0.00421254
0 0.0081528 0.914705 0.014227 0.0060721 0.0448044 0.0120383
0 0.000325082 0.904539 8.86664e-05 0.00156776 0.0933836 9.62892e-05
0 0.000909274 0.898081 0.000781665 0.0146306 0.0852301 0.000366944
0 5.38341e-05 0.902498 0.000657033 0.00339478 0.093001 0.000394955
0 0.00677361 0.890889 0.00690266 0.00026132 0.0827195 0.0124541
0 0.00443495 0.902466 0.00257448 0.0175874 0.0709041 0.00203314
0 0.00419839 0.928798 0.00716364 0.00968568 0.0481855 0.00196835
0 0.00736741 0.953481 0.00442715 0.00401959 0.0269716 0.00373281
0 0.00129332 0.902765 0.000419286 0.00128088 0.0932176 0.00102357
15 0.00517017 0.000349086 0.983766 0.00355297 0.000156981 0.00700495
15 0.00272737 0.00111004 0.990168 0.00236386 0.000914664 0.00271626
15 0.00280477 0.00111302 0.990474 0.00171401 0.0017345 0.00216018
15 0.00820418 0.000495585 0.982411 0.000194041 6.90715e-05 0.0086263
15 0.00601214 0.000326986 0.985429 0.000174443 0.000318812 0.00773853
15 0.012201 0.000886144 0.979006 0.00248533 0.000297783 0.00512398
15 0.00729866 0.000819855 0.985538 0.00311076 0.00103845 0.0021946
15 0.00307532 0.00185815 0.988079 0.00111937 0.000898823 0.00496922
15 0.00949202 0.000764074 0.983052 0.00369424 0.00123563 0.00176176
15 0.00279808 0.000846473 0.991674 0.00104198 0.00172477 0.00191466
15 0.0035853 0.00134527 0.988087 0.00248044 0.00167598 0.00282606
15 0.00607226 0.000788605 0.984112 0.000695197 0.0004908 0.00784149
15 0.00621974 0.00129226 0.985797 0.00295842 0.00134745 0.00238551
15 0.00246992 0.000529352 0.99211 0.000741058 0.00155317 0.00259693
15 0.00323011 0.000739743 0.990802 0.000866266 0.00161609 0.00274612
15 0.00618456 0.000555323 0.983834 0.00117076 0.000389304 0.00786591
15 0.00697878 0.000254501 0.984361 0.0001607 5.56556e-05 0.0081896
15 0.000919425 0.000289639 0.990722 0.000168649 0.000201758 0.00769836
15 0.0118659 0.00211304 0.979416 0.00141593 0.00117695 0.00401213
15 0.00960282 0.000532176 0.9813 0.00398214 0.000727419 0.00385585
15 0.00321437 0.000509985 0.991449 0.00215887 0.000966012 0.0017018
15 0.00514641 0.00133904 0.983369 0.00186752 0.000546341 0.00773174
15 0.00519059 0.00253679 0.983047 0.00115439 0.00213084 0.00594
15 0.00189254 0.00112012 0.988534 0.0026827 0.000222368 0.00554814
15 0.00466415 0.00148964 0.984156 0.0033847 0.000844092 0.0054613
15 0.00273084 0.00132815 0.990388 0.00156032 0.00121439 0.00277822
15 0.00521739 0.000902523 0.987095 0.00223187 0.000376706 0.00417644
15 0.00313522 0.000882433 0.991285 0.000933784 0.00162458 0.00213893
15 0.0126516 0.000433212 0.980745 0.000640047 0.000244199 0.0052859
15 0.00845019 0.000549906 0.980152 0.00410297 0.000165117 0.00658027
15 0.00185818 0.000798654 0.990769 0.00145079 0.00180426 0.00331863
15 0.00594258 0.000635479 0.984711 0.000474135 0.000485244 0.00775121
