labels 6 0 15 20 3 17
6 0.895606 0.00697336 0.0646149 0.0253937 0.000968023 0.00644429
6 0.972728 0.012632 0.00969202 0.000280922 0.000641621 0.00402543
6 0.93658 0.0194625 0.0175689 0.000160731 0.000591376 0.0256363
6 0.987864 0.000838885 0.00563443 0.00118446 0.000334208 0.00414356
6 0.71283 0.00965422 0.00932837 0.0199508 0.01188 0.236357
6 0.96161 0.00098373 0.0211685 0.0153927 0.000463215 0.000381846
6 0.951 0.00753961 0.00568289 0.00249592 0.0142939 0.0189876
6 0.705861 0.0162128 0.0987991 0.00370046 0.00283235 0.172595
6 0.903168 0.0086677 0.0576674 0.0014883 0.00136837 0.0276402
6 0.973599 0.00284991 0.0153135 0.000142569 0.000126475 0.00796855
6 0.630055 0.00510714 0.160462 0.118008 0.00301783 0.0833507
6 0.516801 0.00597052 0.287732 0.0348814 0.00258672 0.152028
6 0.865471 0.00159494 0.0882202 0.000248206 0.000133536 0.0443322
6 0.984827 0.00801702 0.00288158 0.00112194 0.00201058 0.00114217
6 0.998958 0.000363588 0.000433425 8.00997e-06 4.18575e-05 0.000195575
6 0.937125 0.013998 0.00498208 0.00995735 0.0140841 0.0198534
6 0.695701 0.00135182 0.254729 0.0130604 0.000921213 0.0342368
6 0.877775 0.00183088 0.045583 0.000366637 0.000149817 0.0742949
6 0.913611 0.00139682 0.0240685 0.00014529 0.000161458 0.0606169
6 0.996252 0.000413671 0.00202926 3.74545e-05 0.00013888 0.00112889
6 0.618283 0.000216736 0.0109387 8.83645e-05 5.22402e-05 0.370421
15 0.251607 0.0660533 0.448002 0.0462339 0.0120037 0.1761
6 0.641565 0.11958 0.074121 0.00299909 0.0239008 0.137834
6 0.98656 0.00411268 0.00473951 0.000112 0.000549051 0.00392702
6 0.979539 0.00494033 0.00288602 0.00782417 0.00045222 0.00435855
6 0.996056 0.000334564 0.00160971 0.000672652 3.66619e-05 0.00128997
6 0.824926 0.00255186 0.00531842 0.000184651 7.72804e-05 0.166942
6 0.649924 0.105159 0.0191967 0.0129139 0.19824 0.0145666
6 0.941114 0.00239195 0.00359392 0.0427536 0.00303872 0.00710786
6 0.873815 0.0737972 0.00613997 0.00130439 0.0151708 0.0297729
6 0.952759 0.00596556 0.00735765 0.00247906 0.00388314 0.0275553
15 0.237934 0.0464793 0.548426 0.0627756 0.00274906 0.101636
6 0.92856 0.00623036 0.0180746 0.000923386 0.00125892 0.0449526
6 0.989764 0.000932877 0.00512041 0.00204137 0.000851859 0.00128995
6 0.986083 0.00553147 0.000900122 0.000166803 0.00101189 0.0063072
6 0.878503 0.0010715 0.0573413 0.0589141 0.000281927 0.00388811
6 0.885384 0.000537874 0.00693923 0.000137649 5.79239e-05 0.106943
6 0.964065 0.00186488 0.010186 0.000206139 0.000509043 0.0231687
6 0.849856 0.00135961 0.0115934 0.000106705 0.00012944 0.136955
6 0.860074 0.0484261 0.0192359 0.00145983 0.0282631 0.0425413
0 0.0592749 0.479949 0.219415 0.0068771 0.00420435 0.230279
0 0.00335903 0.882163 0.00516568 0.00259689 0.102952 0.00376381
3 0.000827347 0.182224 0.00039977 0.00355434 0.812532 0.000463103
3 0.000474635 0.0557972 0.000113822 0.000268963 0.943256 8.96912e-05
0 0.00221759 0.558432 0.0354926 0.0041529 0.39211 0.00759465
0 0.00554469 0.714622 0.0222014 0.00500684 0.242706 0.00991926
3 0.00756438 0.229098 0.0156421 0.283375 0.458794 0.00552658
0 0.000442843 0.51415 0.0140446 0.0128432 0.455275 0.00324507
3 0.000174419 0.158909 0.000736434 0.00231873 0.836792 0.00106925
0 0.00115724 0.929955 0.00832605 0.000686283 0.0444049 0.0154704
0 0.0116879 0.816627 0.0418228 0.00282896 0.120473 0.00656031
0 0.00936144 0.481509 0.0425137 0.0990668 0.341669 0.0258801
3 0.000225972 0.249781 0.000416827 0.0260656 0.722817 0.000693973
0 0.010692 0.406714 0.039023 0.291765 0.233608 0.0181976
0 0.00191014 0.59593 0.0021025 0.055573 0.342132 0.00235252
20 0.00401165 0.243469 0.0108806 0.534897 0.204245 0.00249603
0 0.00200828 0.707516 0.0037872 0.00123411 0.277382 0.00807254
0 0.000679499 0.586009 0.00209501 0.0239244 0.386401 0.00089165
3 0.00138393 0.391864 0.00620895 0.0288284 0.566164 0.00555091
3 0.00558252 0.358377 0.107479 0.018278 0.507259 0.00302455
0 0.0417848 0.719362 0.0194151 0.00292579 0.206053 0.0104598
0 0.00815073 0.556099 0.029148 0.0208012 0.288068 0.0977331
3 0.000359008 0.362774 9.89707e-05 0.00434849 0.632373 4.63042e-05
0 0.0586084 0.731698 0.0300588 0.0105714 0.137089 0.0319747
3 0.00252175 0.461635 0.00886645 0.00224563 0.523547 0.00118447
3 0.00211748 0.46529 0.00476415 0.0182908 0.504899 0.00463878
0 0.000114677 0.674148 0.000378476 0.00682649 0.318264 0.000268013
0 0.00600621 0.772768 0.0331462 0.00145562 0.184332 0.00229259
0 0.00133468 0.604955 0.000321801 0.00349208 0.388547 0.00135
0 0.000541897 0.778856 0.00218121 0.000346572 0.217127 0.000947365
0 0.00604214 0.831168 0.0112326 0.00310314 0.141545 0.00690904
0 0.000815321 0.529576 0.0151434 0.0584302 0.385486 0.0105488
0 0.000922094 0.858278 0.00341453 0.00197201 0.087667 0.047746
0 0.0101304 0.692759 0.0958526 0.00535832 0.183771 0.0121288
0 0.00072575 0.797177 0.00572055 0.0452409 0.149657 0.00147829
0 0.00219829 0.518946 0.0101221 0.0100523 0.454866 0.00381539
3 0.00410651 0.441466 0.00771442 0.0516084 0.492731 0.00237378
0 5.76513e-06 0.768216 2.30007e-05 0.000669558 0.231084 2.11339e-06
0 0.0095511 0.82811 0.0189543 0.000967291 0.130303 0.0121147
3 0.00164138 0.301014 0.00475756 0.00567431 0.67815 0.00876223
15 0.168955 0.0233681 0.759676 0.00339036 0.000606086 0.0440041
15 0.00424766 0.0602984 0.770508 0.0910849 0.0722027 0.00165808
15 0.00715727 0.000741304 0.983514 0.000660164 0.00010485 0.00782242
15 0.00784285 0.000501621 0.958965 0.0311854 0.000605394 0.000899486
0 0.00258436 0.38346 0.293054 0.00949459 0.306772 0.00463552
15 0.00519162 0.0166866 0.932034 0.00316243 0.0403202 0.00260516
15 0.00487829 0.00107693 0.986896 0.00105347 0.00157422 0.00452093
20 0.162583 0.0150957 0.288851 0.512496 0.0126746 0.00830008
15 0.0010173 0.162516 0.753039 0.00145141 0.0785052 0.00347108
15 0.0379422 0.0041937 0.907057 0.0292382 0.000923261 0.0206456
15 0.0833558 0.00259293 0.657573 0.0112032 0.00139642 0.243878
15 0.180248 0.0244904 0.741559 0.0063733 0.00201014 0.045319
17 0.165175 0.105395 0.184266 0.13874 0.0145031 0.391921
6 0.500781 0.0128515 0.38867 0.0914066 0.00333553 0.00295574
15 0.0223927 0.000753619 0.57829 0.00558305 0.000129271 0.392851
15 0.00931905 0.00305108 0.976181 0.00292611 0.00529047 0.00323189
15 0.0023447 0.000615972 0.950583 0.00302628 7.99086e-05 0.0433498
15 0.00402127 0.0142639 0.925713 0.0256497 0.0278897 0.00246282
15 0.0285507 0.000695866 0.740001 0.00392014 0.000162289 0.22667
6 0.324064 0.094383 0.293927 0.0533766 0.00632942 0.22792
15 0.0867488 0.00732458 0.866743 0.0265064 0.00819644 0.00448098
15 0.2386 0.0567409 0.561842 0.113261 0.0180889 0.0114668
15 0.0138083 0.0133928 0.733314 0.0574512 0.0324085 0.149626
15 0.0304235 0.00515324 0.921802 0.0391212 0.00127213 0.00222807
0 0.0122796 0.408564 0.378569 0.00862085 0.152894 0.0390726
15 0.202208 0.00240749 0.614801 0.00362275 0.00164114 0.17532
20 0.0538255 0.0682026 0.137325 0.72183 0.00445844 0.0143587
15 0.146738 0.00449666 0.767367 0.0477522 0.00590965 0.0277359
15 0.0594828 0.0024461 0.888805 0.0338183 0.0136149 0.00183317
15 0.00329837 0.00165734 0.991851 0.000366968 0.00163889 0.00118693
15 0.00383083 0.116568 0.686044 0.00448176 0.187583 0.00149299
15 0.284326 0.0974655 0.479846 0.00750478 0.00384211 0.127015
15 0.0523144 0.00061153 0.923352 0.000476682 6.42079e-05 0.0231816
15 0.000730134 0.00492722 0.945757 0.00313321 0.0447614 0.000691496
15 0.118515 0.00367174 0.744342 0.000550381 0.000316271 0.132604
6 0.889535 0.000907973 0.0705943 0.00230822 0.00064517 0.036009
15 0.00253925 0.033945 0.941189 0.00105957 0.0197317 0.00153519
15 0.000373442 0.0001868 0.995088 0.000943699 3.54934e-05 0.00337286
15 0.0154968 0.015236 0.92081 0.0282827 0.00855372 0.0116208
6 0.771046 0.00104822 0.0185289 0.000956566 0.000268002 0.208152
20 0.000670642 0.00859064 0.0114722 0.943229 0.0359004 0.000137178
20 0.0104826 0.00653937 0.0114444 0.966423 0.00427979 0.000830325
20 0.000221364 0.00876821 0.00621293 0.97482 0.00974117 0.000236684
20 0.0543852 0.037891 0.0145296 0.706171 0.174906 0.012117
20 0.0108442 0.0225375 0.0106858 0.849278 0.0995307 0.00712423
20 0.0382577 0.0344039 0.110935 0.794552 0.0206032 0.00124853
20 0.00292426 0.00469412 0.00735517 0.966379 0.0184312 0.000216593
20 0.00177261 0.00558018 0.00635588 0.982609 0.00343923 0.000243169
15 0.0102161 0.0114639 0.938341 0.020315 0.0182551 0.00140899
20 0.00219194 0.00129805 0.0692388 0.925761 0.000924006 0.000586161
20 0.0290502 0.0231961 0.462759 0.474657 0.00985939 0.000478408
20 0.00163834 0.215174 0.0108216 0.737301 0.0229534 0.012112
20 0.00584262 0.0788837 0.0122791 0.78194 0.114143 0.00691209
20 0.00492545 0.00296823 0.114933 0.87479 0.0012767 0.00110649
20 0.000798679 0.0150994 0.0136595 0.936215 0.0325083 0.00171883
20 0.000579409 0.00985734 0.0752126 0.905999 0.0080768 0.000275167
20 0.0282985 0.081099 0.0282328 0.638682 0.221412 0.00227549
20 0.00295262 0.0211639 0.0127632 0.946969 0.0158932 0.000257689
20 0.0100269 0.00512602 0.00869328 0.902955 0.0624298 0.010769
15 0.129895 0.091321 0.300697 0.274415 0.139849 0.0638224
20 0.00348547 0.0120031 0.00900184 0.938149 0.037115 0.00024587
20 0.0134195 0.0114563 0.0259061 0.922096 0.0104458 0.0166762
20 0.0122083 0.00434531 0.0310207 0.939687 0.0105398 0.00219898
20 0.118343 0.0126689 0.281309 0.453616 0.118569 0.0154939
20 0.0070907 0.000206694 0.0670546 0.925336 0.000259813 5.18124e-05
20 0.000532403 0.068888 0.0020814 0.911995 0.0162583 0.000244723
20 0.120933 0.336828 0.0502862 0.378969 0.063211 0.0497727
20 0.202871 0.143785 0.131786 0.324141 0.0467413 0.150677
20 0.187398 0.112097 0.11281 0.351254 0.215842 0.0205995
20 0.0210726 0.237526 0.127543 0.586979 0.0201678 0.00671199
20 0.0488024 0.0458116 0.197549 0.635595 0.0353003 0.0369421
20 0.000128534 0.00300378 0.00497279 0.964546 0.0271681 0.000180631
20 0.00501739 0.0335903 0.0121293 0.613081 0.334606 0.0015758
20 0.0851371 0.0684619 0.0264505 0.775801 0.0193478 0.0248015
20 0.00188567 0.014154 0.002538 0.789439 0.19192 6.33283e-05
20 0.00260756 0.0840722 0.0439867 0.850095 0.0157851 0.00345309
20 0.00789795 0.00311221 0.00451266 0.9779 0.00653442 4.32375e-05
20 0.0192109 0.000137304 0.00801774 0.971469 0.000462692 0.00070212
20 0.0344613 0.0022394 0.0199544 0.933135 0.00816875 0.00204077
15 0.133112 0.0722694 0.538952 0.226101 0.0132401 0.0163257
15 0.00502062 0.0841316 0.633413 0.0919885 0.174417 0.0110289
15 0.00633036 0.0159892 0.91823 0.00222501 0.0563869 0.000838596
15 0.00789428 0.230104 0.661222 0.00181275 0.0756651 0.0233018
0 0.0157257 0.608509 0.0720035 0.0481582 0.248394 0.00720875
3 0.000921111 0.0202495 0.00514654 0.0468174 0.926807 5.84723e-05
3 0.000100936 0.404391 0.000125519 0.0125728 0.58266 0.000149209
3 0.00160199 0.218687 0.20292 0.00323747 0.569701 0.00385153
3 0.00138507 0.340105 0.0120362 0.00470487 0.641008 0.000761089
3 0.00022192 0.173181 0.000246086 0.00108274 0.825075 0.000193546
3 0.000313176 0.454903 0.00200824 0.0043882 0.538008 0.000379598
3 0.000812794 0.155669 0.000417282 0.00115011 0.840963 0.000988078
3 0.000408864 0.370321 3.85069e-05 0.00151176 0.627615 0.000104818
3 0.00015743 0.108018 0.000605162 0.00588467 0.884058 0.00127671
3 0.000217648 0.489114 0.00196238 0.0193123 0.489155 0.000237934
3 0.00102689 0.419134 0.0158847 0.0698705 0.488132 0.00595157
3 0.000960712 0.245982 0.00129819 0.132326 0.61866 0.000772621
0 0.177625 0.628148 0.0215304 0.00783451 0.110506 0.0543561
3 0.00029808 0.299988 0.000701764 0.0165348 0.681314 0.00116355
3 0.000966834 0.404128 0.000169459 0.00145169 0.592876 0.000408468
3 0.00119052 0.243369 0.00395896 0.0258121 0.724076 0.0015934
0 7.93629e-05 0.521831 0.000140624 0.000405129 0.475844 0.00169909
3 0.000249563 0.238943 0.000434451 0.0127362 0.747335 0.000301857
3 0.000943172 0.219579 0.000393052 0.016394 0.762514 0.000176907
3 0.000777227 0.335921 0.0114903 0.0026776 0.640367 0.00876672
0 7.6814e-05 0.618253 9.1309e-05 0.000231584 0.381268 7.96189e-05
3 0.00133954 0.375392 0.00814325 0.0787293 0.532459 0.00393678
3 0.00136835 0.0151435 0.000105843 9.58419e-05 0.982825 0.000461559
0 0.0064064 0.528914 0.0835913 0.046713 0.194871 0.139504
3 0.00910518 0.262037 0.00736815 0.00277039 0.700738 0.0179818
15 0.00352813 0.383773 0.510408 0.0159285 0.0618745 0.0244879
3 0.000251482 0.322916 0.00971968 0.000156133 0.66512 0.00183662
15 0.00285541 0.0186835 0.958857 0.000758705 0.0159912 0.00285425
3 0.000671372 0.0495044 0.00833255 0.00811168 0.933081 0.000298494
0 0.00109609 0.736866 0.0118928 0.0120173 0.236589 0.00153885
3 0.00351469 0.120526 0.0330111 0.012912 0.826104 0.00393268
0 0.000155927 0.786702 0.000353632 0.00102528 0.211524 0.000239355
3 0.00733833 0.306251 0.0448727 0.0197501 0.612365 0.0094221
3 0.000147018 0.27191 6.20233e-05 0.000262179 0.727593 2.56623e-05
3 0.000736941 0.334935 0.000775497 0.0100153 0.652957 0.000580288
3 0.00106466 0.09716 0.00299436 0.0833454 0.814796 0.000639922
17 0.0134995 0.0397839 0.0546115 0.030084 0.0356802 0.826341
17 0.194796 0.00838775 0.00606919 0.000123106 0.00555027 0.785073
17 0.00153867 0.00272782 0.000878863 0.000172717 0.00106159 0.99362
6 0.554619 0.0217316 0.016089 0.00723352 0.0182532 0.382074
17 0.0391025 0.406243 0.0192724 0.00316545 0.0517697 0.480447
15 0.0186348 0.00521589 0.640781 0.187229 0.0038026 0.144336
17 0.00467201 8.68294e-05 0.0146533 9.08468e-05 7.03961e-06 0.98049
17 0.0144517 0.000658812 0.0420705 0.000136498 2.3506e-05 0.942659
17 0.0141351 0.0130629 0.0156423 0.000200159 0.00404627 0.952913
15 0.0751262 0.0010704 0.534332 0.000207342 0.000178806 0.389085
17 0.0696465 0.0312277 0.0269148 0.00171873 0.0289079 0.841584
6 0.360439 0.0464309 0.261332 0.00786031 0.0033279 0.32061
17 0.0982057 0.000325411 0.211882 4.20873e-05 2.00656e-05 0.689525
17 0.0172843 0.000609593 0.148642 0.00258677 0.00026093 0.830616
17 0.0411064 0.0959606 0.197945 0.00804882 0.00368565 0.653253
17 0.0469347 0.0557409 0.0716222 0.0108194 0.182035 0.632848
15 0.0696318 0.109666 0.484415 0.023827 0.0593786 0.253082
17 0.0114831 0.0328817 0.00686553 0.000142997 0.00684681 0.94178
17 0.0238221 0.000587529 0.00934083 4.93914e-05 4.59485e-05 0.966154
17 0.00516859 0.00155234 0.0336287 7.54537e-05 8.04705e-05 0.959494
17 0.00728403 0.000536842 0.0247903 7.7364e-05 6.06519e-05 0.967251
17 0.209367 0.00240571 0.0469589 0.000299478 8.52788e-05 0.740883
17 8.2393e-07 3.4937e-07 9.8701e-07 3.56151e-07 2.27836e-07 0.999997
17 0.0581288 0.00325603 0.051447 0.000334917 0.000174148 0.886659
17 0.0984963 0.00108958 0.0291318 0.000962512 0.000276512 0.870043
17 0.000230329 7.97352e-05 0.00265342 6.29754e-06 2.34486e-06 0.997028
6 0.427884 0.00580735 0.411302 0.00286662 0.000810273 0.15133
17 0.143481 0.0219615 0.382235 0.00568099 0.00246552 0.444176
17 0.0613799 0.208887 0.0814391 0.0132108 0.006818 0.628265
17 0.00199701 0.0188735 0.00857133 0.00156609 0.00583949 0.963153
17 0.000381582 0.000329273 0.00967943 2.88171e-05 1.50523e-05 0.989566
15 0.123818 0.00419745 0.673819 0.0152134 0.000681994 0.18227
15 0.061559 0.0175629 0.702855 0.0051567 0.001751 0.211115
17 0.0123521 0.000843084 0.0187454 0.000352027 0.000309861 0.967397
17 0.0892858 0.0143834 0.416166 0.0030838 0.00378827 0.473293
17 0.00269141 0.00240355 0.0331403 0.00169834 0.00218519 0.957881
6 0.576416 0.00633195 0.279026 0.018799 0.00161558 0.117811
17 0.000277486 0.00363283 0.00981735 3.46811e-05 0.00101198 0.985226
17 0.230456 0.0543794 0.00984789 0.00316133 0.0298359 0.672319
17 0.00425476 0.000900526 0.000791378 9.00301e-06 0.000225203 0.993819
