labels 22 11 4 0 5 19 13
22 0.851511 0.00447062 0.00592787 0.0182046 0.0986696 0.00245076 0.0187651
22 0.986659 0.000326365 0.000791356 0.000565791 0.0109673 0.000487535 0.000202314
22 0.927965 0.000546871 0.00114155 0.0133084 0.055113 0.00100787 0.000917465
22 0.893997 0.000375711 0.000422648 0.00279312 0.10124 0.000824682 0.000347485
22 0.892744 0.000719204 0.000732246 0.0034525 0.101038 0.000653238 0.000660775
22 0.874255 0.00139153 0.00596128 0.0157409 0.100287 0.000661761 0.00170271
22 0.877232 0.0012136 0.000666178 0.0186344 0.100616 0.00100549 0.000632138
22 0.943504 0.00165455 0.00371022 0.00686261 0.0422432 0.00113172 0.000893817
22 0.887035 0.0014624 0.000542613 0.0091044 0.100748 0.000899792 0.00020784
22 0.891219 0.000165515 0.00124749 0.00594399 0.100821 0.000452748 0.00015047
22 0.863055 0.00273017 0.0095839 0.0216334 0.099984 0.00199101 0.00102284
22 0.860749 0.00253018 0.00863642 0.019152 0.0997708 0.00401383 0.00514806
22 0.91735 0.00190907 0.00531685 0.038495 0.0285208 0.00417352 0.00423441
22 0.916876 5.95997e-05 0.000225907 0.00193728 0.0806518 0.000146234 0.000103226
22 0.874773 0.00195356 0.00106311 0.0191341 0.100295 0.000791498 0.00198994
22 0.892069 5.77216e-05 3.70935e-05 0.00674436 0.100908 0.000159649 2.37728e-05
22 0.95602 0.00681279 0.00112066 0.0131686 0.00698357 0.00354776 0.0123464
22 0.885423 0.00075044 0.00117875 0.0106659 0.0999392 0.0017366 0.000306211
22 0.868366 0.000262457 0.00168678 0.0268063 0.0998126 0.000403789 0.00266169
22 0.859361 0.00672868 0.0282252 0.0414362 0.0491353 0.00693666 0.00817714
22 0.985307 0.000218914 0.001617 0.000423579 0.0106916 0.000345318 0.00139672
22 0.901887 0.0026752 0.00222543 0.041697 0.0424688 0.00167964 0.00736704
22 0.888247 0.000893628 0.000419075 0.00839197 0.100214 0.000784538 0.00104985
22 0.944743 0.0011196 0.000227252 0.00321747 0.0489897 0.000273867 0.00142949
22 0.885212 0.00109269 0.000649831 0.0134898 0.0983517 0.00106398 0.000140497
11 0.000919224 0.955303 0.0072284 0.0048744 0.00209741 0.0221707 0.00740718
11 0.00153991 0.909264 0.0156415 0.00385505 0.00534502 0.03237 0.031984
11 0.00307115 0.963269 0.00504054 0.00825084 0.00406058 0.00359278 0.0127156
11 0.000527041 0.939923 0.00154892 0.00093337 0.000652197 0.0446006 0.0118148
11 0.00352033 0.892529 0.0215501 0.00484124 0.00409434 0.0600956 0.0133695
11 0.00744634 0.935321 0.0217327 0.00274736 0.0070875 0.000711116 0.0249537
11 0.000230698 0.90687 0.000634441 0.00695829 0.000557987 0.0609665 0.0237819
11 0.0035611 0.903734 0.00451114 0.0067362 0.00441548 0.0616406 0.0154016
11 0.00488756 0.9314 0.0111033 0.00673491 0.00888791 0.00870271 0.0282834
11 0.00208467 0.898953 0.0091127 0.00129157 0.00329389 0.0533241 0.03194
11 0.00519306 0.956885 0.020538 0.00146225 0.00746108 0.00605531 0.00240565
11 0.00400296 0.937938 0.00570725 0.0140957 0.00666314 0.0184532 0.0131397
11 0.000360636 0.915374 0.00245985 0.00607749 0.000199379 0.0614829 0.0140459
11 0.00124751 0.908732 0.0192278 0.0120726 0.00305697 0.0491994 0.00646396
11 0.00203165 0.903941 0.00991958 0.00954965 0.00673669 0.0363583 0.0314631
11 0.0094414 0.920521 0.0156214 0.0154194 0.00792581 0.00640299 0.024668
4 0.00333783 0.00510152 0.942409 0.00838979 0.0389704 0.000824067 0.000966897
4 0.00130994 0.0140232 0.9544 0.00592326 0.00290747 0.0169251 0.00451113
4 0.00475946 0.00542211 0.950917 0.0128857 0.011431 0.0086653 0.00591926
4 0.00556726 0.0175292 0.938531 0.00760761 0.0200176 0.00431512 0.00643251
4 0.0134689 0.000251819 0.948562 0.00497053 0.0314239 0.00114987 0.000173224
4 0.0106979 0.00253726 0.959671 0.00125475 0.0227168 0.000577011 0.00254536
4 0.0111308 0.0177288 0.929234 0.00702686 0.0284811 0.00223353 0.00416484
4 0.00819594 0.0102069 0.94599 0.00756115 0.0126901 0.0112882 0.00406789
4 0.00663123 0.00317023 0.960517 0.0117669 0.0069681 0.00950759 0.00143871
0 0.0437311 0.00070872 0.00175556 0.891869 0.0605492 0.000890663 0.000496093
0 0.00491334 0.00822064 0.00296358 0.894824 0.0858374 0.00224937 0.000991511
0 0.00064348 0.000297608 0.000331376 0.990134 0.00356633 0.00124483 0.0037826
0 0.0241566 0.00620542 0.016689 0.879546 0.067796 0.00157826 0.00402875
0 0.0299266 0.000904816 0.00151731 0.908736 0.0574655 0.000474812 0.000974551
0 0.00133663 0.000611828 0.000674713 0.983769 0.0116661 0.000465776 0.00147637
0 0.016834 0.00694508 0.0191815 0.894221 0.0522371 0.00713105 0.00345059
0 0.00231611 0.00945936 0.00618946 0.940162 0.0152222 0.0115558 0.0150954
0 0.00242697 0.0299631 0.0202988 0.89686 0.0220235 0.020954 0.00747359
0 0.0220796 0.00129547 0.000458159 0.882546 0.0824051 0.000838805 0.010377
0 0.0278574 0.0164295 0.0103721 0.858063 0.0688638 0.00449192 0.0139218
0 0.00153324 0.00151153 0.00640379 0.961591 0.00143652 0.0247806 0.00274369
0 0.000749729 0.0135756 0.000999203 0.950726 0.00166462 0.0190967 0.013188
5 0.0925642 0.000773083 0.00495693 0.0165976 0.883555 0.00117989 0.000373081
5 0.0923987 0.00570808 0.0120133 0.0481887 0.823369 0.00383848 0.0144836
5 0.0451371 0.00491177 0.00332929 0.00555856 0.911998 0.00133613 0.0277288
5 0.0869391 0.0081744 0.0151 0.0140391 0.86079 0.00238702 0.0125705
22 0.518043 0.00280171 0.00494089 0.0165907 0.446987 0.00145929 0.00917718
5 0.0936607 0.000535223 0.00089883 0.0344975 0.868747 0.00108856 0.000571834
5 0.0433062 0.00751781 0.0137045 0.0514984 0.841344 0.0025266 0.040103
5 0.0809779 0.00154837 0.00835097 0.0681704 0.833456 0.00143256 0.00606399
5 0.0839193 0.00597491 0.00958893 0.0490681 0.816925 0.00463149 0.0298925
5 0.00635701 0.00615697 0.00197593 0.00484595 0.966359 0.00171877 0.0125864
5 0.0920779 0.00363047 0.0100377 0.0313461 0.844272 0.00246316 0.0161725
5 0.0927513 0.00284045 0.00126798 0.010735 0.890253 0.00128745 0.000864518
5 0.0762587 0.00619597 0.00125238 0.0122114 0.866328 0.00135826 0.0363949
5 0.0217816 9.52994e-05 0.000598426 0.00279182 0.973021 0.000269804 0.00144249
19 0.00401181 0.0557872 0.00751611 0.00454517 0.00320605 0.913548 0.011386
19 0.000377717 0.0282827 0.00405357 0.00183409 0.000239443 0.964457 0.000755373
19 0.000477757 0.0104134 0.0104107 0.00189915 0.000383208 0.975969 0.000446664
19 0.0042805 0.0344876 0.0247963 0.0191767 0.00510224 0.908313 0.00384381
19 0.00264522 0.0427137 0.0120024 0.0148688 0.00444226 0.919239 0.00408825
19 0.00127168 0.0542882 0.00437761 0.00826508 0.000778897 0.927189 0.00382942
19 0.00334428 0.0303683 0.00542677 0.024419 0.0028594 0.911775 0.0218069
19 0.000789609 0.00324201 0.00390005 0.00250246 0.00104756 0.988453 6.54685e-05
19 0.00436352 0.048865 0.0170468 0.0269231 0.00623522 0.885474 0.011092
19 0.000806643 0.0554982 0.00409631 0.00461554 0.00100599 0.928093 0.00588449
19 0.00128947 0.0110444 0.00122382 0.00160383 0.00363789 0.97975 0.00145095
19 0.000485768 0.00705828 0.00151492 0.00236087 0.000275893 0.988236 6.8116e-05
13 0.00919067 0.0259842 0.01004 0.0116083 0.00889121 0.0174495 0.916836
13 0.0115295 0.0239925 0.0140419 0.00564267 0.0103746 0.00227011 0.932149
13 0.00338472 0.0190762 0.00689033 0.0134572 0.0041115 0.0117678 0.941312
13 0.00800018 0.012627 0.00946865 0.00990347 0.016795 0.00188778 0.941318
13 0.000909827 0.00267438 0.000212477 0.00391622 0.00090977 0.00241363 0.988964
13 0.00444856 0.0233412 0.00878068 0.0077433 0.0035485 0.00357645 0.948561
13 0.0014258 0.00422704 0.00152383 0.00776815 0.000863635 0.0138314 0.97036
13 0.000964509 0.0212205 0.000386687 0.00303074 0.00276138 0.00179024 0.969846
13 0.0100654 0.0240698 0.0141716 0.00428974 0.0122974 0.000877991 0.934228
13 0.00363364 0.00324505 0.000625403 0.00145866 0.00688308 0.000795878 0.983358
13 0.00586404 0.0231178 0.00642663 0.00200893 0.0104078 0.00420807 0.947967
13 0.00583106 0.0247624 0.0103206 0.00905183 0.00901703 0.0177825 0.923235
13 7.76579e-05 0.00180095 0.000162218 0.000521666 0.000149943 0.0018807 0.995407
13 0.000702177 0.0237653 0.0222729 0.00627476 0.00113578 0.00837165 0.937477
13 0.00659414 0.0222815 0.0253825 0.00413016 0.00388203 0.0089806 0.928749
0 0.0189567 0.011391 0.00368895 0.875652 0.0519022 0.0144331 0.0239761
5 0.0932217 6.76836e-05 0.000725402 0.00854014 0.897015 0.000373113 5.67203e-05
19 0.00273043 0.0411895 0.00738151 0.0115839 0.00187473 0.913985 0.0212554
22 0.863673 0.00522289 0.00761068 0.0138236 0.0996143 0.0037441 0.00631138
22 0.685812 0.00461742 0.0156743 0.0150853 0.259492 0.00290799 0.0164103
22 0.900841 0.000605453 0.00238034 0.01118 0.0826374 0.00102932 0.00132662
22 0.898168 0.00100719 0.000807167 0.02383 0.0631823 0.00216789 0.0108373
22 0.891787 0.00191884 0.0075114 0.00600327 0.0916867 0.000752697 0.000339882
22 0.940885 0.00325967 0.00818012 0.00896385 0.0319972 0.00156007 0.00515429
22 0.978433 0.00108267 0.00110908 0.00233225 0.0111153 0.00115661 0.0047709
22 0.953054 4.58186e-05 2.17275e-05 0.00125546 0.0454174 0.000154416 5.14752e-05
22 0.980869 0.000971144 0.00667506 0.00426309 0.00356211 0.00180718 0.0018528
22 0.905355 0.000628252 0.00361409 0.035457 0.0531449 0.000722493 0.00107863
22 0.826617 0.00382587 0.0118291 0.028929 0.113254 0.00436785 0.0111771
22 0.858363 0.00260479 0.0114874 0.0240714 0.0996401 0.0018431 0.00199055
22 0.871381 0.00297418 0.00216179 0.0156575 0.0998159 0.00274247 0.00526746
22 0.89147 0.00100419 0.000198526 0.00550858 0.10118 0.000488733 0.000149872
22 0.889994 0.00151976 0.00036502 0.00438056 0.101013 0.000835806 0.00189214
22 0.867081 0.00300966 0.00252704 0.0184466 0.0998287 0.000798333 0.00830872
22 0.8655 0.00577187 0.0176909 0.00708442 0.0983886 0.00278247 0.00278183
22 0.9327 0.000197614 0.00169071 0.00314856 0.0611963 0.000927117 0.000139439
22 0.870777 0.00383074 0.00297006 0.0137964 0.0999816 0.00144092 0.00720294
22 0.858233 0.00339853 0.00312392 0.0273107 0.0995073 0.00141989 0.0070064
22 0.980684 0.000131894 3.63751e-05 0.00246761 0.0154061 0.000216008 0.00105806
22 0.965105 8.35125e-05 0.00010618 0.00418317 0.0298968 0.000389542 0.000235361
22 0.862948 0.00329843 0.0027156 0.0283337 0.099648 0.00200532 0.00105075
22 0.951518 0.000443714 0.000389367 0.00690408 0.0401922 0.000429969 0.00012274
22 0.955504 0.000607057 0.00207935 0.0153961 0.0241744 0.00135505 0.000884262
11 0.00342998 0.982266 0.00146548 0.00182904 0.00536627 0.00407004 0.00157368
11 0.000298064 0.90527 0.00548854 0.00223273 0.000272932 0.0588845 0.0275531
11 0.0053416 0.899913 0.0113682 0.00478143 0.00242667 0.0436308 0.0325382
11 0.00864689 0.925912 0.0141014 0.00697306 0.0116735 0.00368914 0.0290037
11 0.000359568 0.962751 0.00219631 0.00297051 0.000861906 0.00393361 0.0269269
11 0.00116976 0.908344 0.0232027 0.00247775 0.00163276 0.0554279 0.00774487
11 0.00609126 0.935361 0.0130983 0.00282297 0.00961163 0.00495432 0.0280605
11 0.00646781 0.916777 0.0149456 0.0222038 0.00758778 0.017829 0.0141885
11 0.00278165 0.904782 0.00186496 0.00461108 0.00125091 0.0608704 0.0238389
11 0.00270205 0.89062 0.00842016 0.0113873 0.0040292 0.0557753 0.0270659
11 0.00450232 0.899839 0.00935954 0.00682502 0.00100343 0.0616436 0.0168269
11 0.00486813 0.92176 0.0041705 0.00556696 0.00370482 0.0303833 0.029546
11 0.000593546 0.916807 0.00345128 0.00611247 0.000474058 0.0546798 0.0178814
11 0.00174633 0.945349 0.00391888 0.00610656 0.00386961 0.0116421 0.0273679
11 0.00101542 0.942784 0.0112787 0.00217247 0.00302567 0.0304144 0.00930884
11 0.000964991 0.95006 0.00107001 0.000978559 0.000775202 0.0390971 0.00705366
4 0.000740791 0.0142142 0.948886 0.00397986 0.0280176 0.00320826 0.000953427
4 0.00280949 0.0139633 0.970715 0.000858568 0.00208482 0.00489056 0.00467864
4 0.0133186 0.00315629 0.942244 0.00405849 0.03361 0.000245878 0.00336666
4 0.0127664 0.00808363 0.942356 0.00808011 0.0247455 0.000920044 0.00304886
4 0.00637608 0.0162235 0.933073 0.00264672 0.0350932 0.0028771 0.00371014
4 0.00848623 0.014876 0.931747 0.00877856 0.0284543 0.00602216 0.00163591
4 0.00310124 0.017279 0.934712 0.0132459 0.0202276 0.0040662 0.00736791
4 0.00104261 0.012455 0.95795 0.00592898 0.00528108 0.0162867 0.00105575
4 0.000365613 0.00506847 0.974968 0.00061188 0.00164037 0.0165222 0.00082325
0 0.0236762 0.000321191 0.00104526 0.911564 0.0629537 0.000203215 0.000236509
0 0.008936 0.00830336 0.0159904 0.926874 0.028948 0.00612787 0.0048201
0 0.0301295 0.00105267 0.0019741 0.905749 0.0583069 0.000910864 0.00187663
0 0.0263553 0.00131598 0.00930562 0.912067 0.0493731 0.000804845 0.000778441
0 0.0232486 0.000860761 0.00641509 0.923675 0.0439952 0.000862346 0.000943042
0 0.0297039 0.000431283 0.00521838 0.886098 0.0735256 0.00347311 0.00154989
0 0.0165062 0.00280716 0.0069862 0.917456 0.0471078 0.00500686 0.00413019
0 0.00685632 0.0192772 0.0119019 0.893264 0.0340733 0.0136539 0.0209736
0 0.00293092 0.0112186 0.0165028 0.931406 0.0257421 0.00639419 0.00580565
0 0.000826754 0.00094765 0.0107333 0.98156 0.0020013 0.00339453 0.000536288
0 0.00130733 0.0120788 0.00987123 0.957745 0.0107313 0.00331994 0.00494603
0 0.00779086 0.0169238 0.00123086 0.88566 0.0607808 0.00288925 0.0247249
0 0.020595 0.0088679 0.00659888 0.866525 0.0810923 0.00405827 0.0122626
5 0.0923171 0.00320591 0.00226804 0.0209092 0.864658 0.00415221 0.0124894
5 0.091934 0.00710894 0.0188789 0.0326781 0.840375 0.00250558 0.00651896
5 0.0436364 0.00519743 0.0150837 0.0695487 0.852733 0.00593546 0.0078651
5 0.0584452 0.0180542 0.0446385 0.0559629 0.800998 0.00458396 0.0173172
5 0.0494184 0.00124599 0.000690996 0.0686224 0.877435 0.000710518 0.00187714
5 0.0655998 0.0114848 0.0159367 0.0954544 0.790058 0.00551311 0.0159537
5 0.0923218 0.0080228 0.0021732 0.0212194 0.872041 0.00278524 0.0014364
5 0.00265187 0.000581162 0.000378439 0.00310416 0.992282 0.000211787 0.000790435
5 0.0926958 0.00153466 0.009755 0.0172694 0.874935 0.00066742 0.00314256
5 0.0443576 0.0136815 0.0164169 0.0407487 0.839831 0.00752354 0.0374404
5 0.0230899 0.00416282 0.00855625 0.0552939 0.903268 0.005104 0.000524816
5 0.0928235 0.000474324 0.000895191 0.00476704 0.900523 0.000380903 0.000135679
5 0.088959 0.00628385 0.0112823 0.0520749 0.820845 0.00527587 0.0152794
5 0.058538 0.000208282 0.000186638 0.00604796 0.93288 0.000391227 0.00174759
19 0.00259807 0.00106211 0.0191524 0.000335293 0.00169621 0.974976 0.000179997
19 0.00395389 0.0528689 0.0220181 0.0107081 0.00360524 0.898155 0.008691
19 0.00428049 0.0418906 0.00625593 0.0214771 0.00703407 0.895718 0.0233441
19 0.00136341 0.0548784 0.0110533 0.0132137 0.00425408 0.914097 0.00114038
19 0.00384819 0.00684273 0.00688987 0.00208532 0.00511378 0.973441 0.00177868
19 0.00417837 0.0545317 0.0208534 0.00990802 0.0050648 0.896166 0.0092977
19 0.00416432 0.0557556 0.00865852 0.010973 0.00711988 0.906265 0.00706395
19 0.00466394 0.00267657 0.00915979 0.00103197 0.00158652 0.980183 0.000698432
19 0.000816104 0.00682066 0.00754258 0.0053016 0.000376 0.979033 0.000110039
19 0.000713926 0.00613598 0.00060991 0.00244288 0.00108697 0.988056 0.000954415
19 0.000940381 0.0510944 0.021687 0.0066621 0.00256048 0.912529 0.00452627
19 0.0036221 0.0461777 0.0145321 0.0194856 0.00170556 0.904982 0.00949465
13 0.00305516 0.0239142 0.00139727 0.00283395 0.00160992 0.0196735 0.947516
13 0.00251272 0.0255252 0.0128934 0.00633983 0.0079679 0.0203868 0.924374
13 0.00143367 0.0241133 0.0186585 0.0101936 0.00266277 0.0189544 0.923984
13 0.00675581 0.00316656 0.0136198 0.0142479 0.0129448 0.00174883 0.947516
13 0.00499739 0.00666797 0.00225395 0.00304734 0.0114144 0.00290669 0.968712
13 0.0171782 0.0102204 0.00589474 0.00729777 0.0210395 0.000589719 0.93778
13 0.0054668 0.00698592 0.00569164 0.0134397 0.0125818 0.000977683 0.954856
13 0.00054618 0.0248277 0.0062351 0.00620082 0.000368577 0.0323842 0.929437
13 0.0195074 0.00444818 0.00706981 0.00704215 0.0189778 0.00657639 0.936378
13 0.000403657 0.00574185 9.05431e-05 0.00100302 0.000292045 0.00527492 0.987194
13 0.00324671 0.0231148 0.00315062 0.0106558 0.00308658 0.0137134 0.943032
13 0.00860655 0.00779876 0.00815617 0.00544729 0.00538003 0.00272428 0.961887
13 0.00683631 0.00892718 0.0122978 0.00841566 0.0209316 0.00398065 0.938611
13 0.000372391 0.0239331 0.000292752 0.0035997 0.000213853 0.019028 0.95256
13 0.000490963 0.0129685 0.00899638 0.011671 0.000648432 0.00881669 0.956408
13 0.000535728 0.00950015 0.000575095 0.00290079 0.000558804 0.00240319 0.983526
22 0.875755 0.000182581 0.000229031 0.0224066 0.100909 0.000438478 7.90358e-05
0 0.0111839 0.00308415 0.0147825 0.923324 0.0383839 0.00317279 0.0060693
22 0.92831 0.000718717 0.000375695 0.0238724 0.0457592 0.000792291 0.00017172
22 0.940851 0.0047265 0.0134767 0.0158668 0.0187543 0.00332892 0.0029953
22 0.975326 5.80501e-05 0.000123313 0.00217269 0.0219941 0.000316329 9.15549e-06
22 0.867733 0.000432994 0.000145599 0.031178 0.0992507 0.000724969 0.00053428
22 0.890581 0.000862094 0.00238641 0.00339643 0.101203 0.00126474 0.000306605
22 0.885391 0.000674895 0.000353651 0.0115775 0.100827 0.000685564 0.000490692
22 0.967449 0.000533828 0.00614782 0.00448408 0.0191785 0.00140521 0.000801775
22 0.931756 0.00360048 0.00390016 0.0372053 0.0120367 0.00563965 0.00586177
22 0.865667 0.00167757 0.00137374 0.0248961 0.100233 0.00212674 0.00402653
22 0.944334 0.00384926 0.00216878 0.0236305 0.0152451 0.0018585 0.00891429
22 0.781758 0.00398251 0.00368043 0.0386538 0.164852 0.00123164 0.00584191
22 0.853315 0.00360369 0.0192807 0.0478795 0.0655606 0.0071486 0.00321175
22 0.914169 0.00459008 0.011905 0.0377592 0.0170751 0.00664666 0.00785466
22 0.974684 0.00237737 0.00449451 0.00535111 0.00634048 0.00118466 0.00556783
22 0.858578 0.00421722 0.00177998 0.0443598 0.0631958 0.00277275 0.0250968
22 0.890911 0.00621443 0.0123919 0.0376149 0.0476217 0.00207678 0.00316963
22 0.87254 0.000567848 0.004918 0.0222527 0.0979204 0.00118345 0.000617701
22 0.852014 0.00422585 0.0193585 0.034829 0.079669 0.0036987 0.0062054
22 0.877812 0.0010182 0.00157113 0.0174522 0.100518 0.00124002 0.000388599
22 0.973986 0.0015245 0.00678683 0.00668112 0.00781155 0.000793848 0.00241664
22 0.947274 0.000244084 7.64033e-05 0.00225948 0.0494764 0.000214768 0.000454743
22 0.868319 0.000612583 0.00315141 0.0257087 0.100216 0.000600993 0.00139118
22 0.967049 0.000920603 0.00056405 0.00863191 0.0213529 0.000766519 0.000714591
22 0.891263 0.000148639 0.000363777 0.00728228 0.100511 0.000333653 9.7221e-05
22 0.942936 6.08775e-05 0.000514041 0.00772623 0.048521 0.000222821 1.85801e-05
11 0.000955833 0.984563 0.000289249 0.00215471 0.000452829 0.00164357 0.0099413
11 0.00134297 0.95806 0.00627677 0.00385332 0.00160707 0.00184651 0.0270133
11 0.00575405 0.888871 0.0113576 0.0115633 0.00890871 0.050554 0.0229911
11 0.00595946 0.916776 0.0249332 0.00566633 0.00638809 0.021941 0.018336
11 0.00405975 0.947715 0.00255199 0.00773373 0.0088848 0.00175483 0.0273003
11 0.00745203 0.920883 0.0236707 0.00806727 0.0102937 0.0211587 0.0084743
11 0.00161937 0.957112 0.00158813 0.00186056 0.00219294 0.00847037 0.0271568
11 0.000348303 0.964798 0.00176835 0.00261774 0.000622855 0.00288977 0.0269552
11 0.00214543 0.920677 0.024058 0.00579271 0.00159149 0.0357205 0.0100151
11 0.00277788 0.961052 0.000719593 0.00466807 0.00173768 0.00211266 0.0269324
11 0.000487707 0.925098 0.00296675 0.00085149 0.000537423 0.0587494 0.0113091
11 0.00043067 0.959307 0.00532245 0.000680008 0.000934556 0.0262012 0.00712429
11 0.00181561 0.94597 0.0112363 0.00584311 0.00184405 0.0252723 0.00801835
11 0.00287606 0.89196 0.00620296 0.00687168 0.00127359 0.0460877 0.0447281
11 0.0076334 0.928181 0.0139182 0.00723731 0.00922404 0.00526504 0.0285412
11 0.00145018 0.944477 0.0157574 0.000815699 0.00266448 0.0270033 0.00783238
4 0.00279646 0.0106727 0.935196 0.00956817 0.0246215 0.00422037 0.0129252
4 0.00671571 0.00557632 0.935405 0.0108769 0.0357396 0.000807528 0.00487892
4 0.000844436 0.0114499 0.961065 0.00332293 0.0032908 0.0159445 0.00408224
4 0.00761878 0.00532877 0.927689 0.0136011 0.032586 0.00763442 0.00554186
4 0.002357 0.0148897 0.944401 0.00208066 0.0145117 0.0175081 0.00425201
4 0.000540417 0.00117316 0.983046 0.00209325 0.00101779 0.0118386 0.000291089
4 0.00145565 0.0148937 0.966421 0.00456931 0.00469549 0.00364094 0.00432416
4 0.00320371 0.00673758 0.958059 0.0075303 0.0142854 0.00171853 0.00846564
4 0.00594706 0.00166483 0.947516 0.0132106 0.0198457 0.0107318 0.001084
0 0.0112041 0.00131006 0.00188815 0.898816 0.0829408 0.00258534 0.00125567
0 0.000982449 0.00645542 0.00747101 0.946615 0.00667222 0.0307645 0.0010391
0 0.0115884 0.00183028 0.000947126 0.941351 0.0412388 0.000562964 0.0024816
0 0.0155579 0.00608706 0.00431518 0.887819 0.0634996 0.00166722 0.021054
0 0.0074926 0.0059745 0.00772098 0.944264 0.0113476 0.00993482 0.0132659
0 0.00557488 0.0144372 0.0242337 0.88046 0.035072 0.027007 0.0132148
0 0.000605514 0.0115196 0.00662033 0.941695 0.00370492 0.030603 0.00525194
0 0.0248839 0.000815177 0.00320886 0.921945 0.0465862 0.00115806 0.0014032
0 0.0323119 0.00299618 0.00619049 0.888952 0.0585684 0.00196076 0.00902063
0 0.0254875 0.0038245 0.00750454 0.916828 0.0377216 0.00257194 0.00606148
0 0.00695137 0.0140479 0.00283081 0.883183 0.0716119 0.000889415 0.0204859
0 0.00983565 0.00911872 0.0073053 0.917952 0.0455579 0.000748649 0.00948175
0 0.0085523 0.00177878 0.00117091 0.888694 0.0855201 0.00367926 0.0106052
5 0.0926682 0.00243595 0.0118535 0.0320653 0.857848 0.0017564 0.00137255
5 0.0921227 0.00319001 0.0101411 0.0242822 0.861124 0.00274374 0.00639599
5 0.0285148 0.00624602 0.00746556 0.0694338 0.87161 0.0036219 0.0131075
5 0.0929427 0.000706038 0.00262211 0.0236646 0.878256 0.00161964 0.000188507
5 0.0455904 0.00580579 0.0122474 0.0692524 0.830613 0.0057982 0.0306932
5 0.0551695 0.00735782 0.0198305 0.0728935 0.815546 0.00635083 0.0228515
5 0.120403 0.00132732 0.0112758 0.0332795 0.830147 0.00291245 0.000654615
5 0.0635242 0.0014901 0.00342283 0.0735167 0.842959 0.00553557 0.00955122
5 0.028476 0.00441733 0.0442572 0.0533783 0.851515 0.0113117 0.00664459
5 0.0942015 0.000530397 0.00116191 0.0462718 0.856299 0.00126424 0.000271369
22 0.486563 0.00204348 0.00675119 0.0198734 0.464438 0.00131764 0.0190132
5 0.0750621 0.0110069 0.0388362 0.0166493 0.848605 0.00190488 0.00793592
5 0.0781488 0.00473968 0.00407158 0.0253428 0.880517 0.00104333 0.00613687
5 0.0928778 0.000187099 0.000481373 0.00435443 0.901474 0.000191266 0.000433988
19 0.00555415 0.0559241 0.00865216 0.0127484 0.00803622 0.900354 0.00873121
19 0.00429329 0.035244 0.0249204 0.0108004 0.00499356 0.918335 0.0014138
19 0.00315643 0.048393 0.0139198 0.000969012 0.000873817 0.929261 0.0034266
19 0.00102378 0.0463874 0.00751695 0.027647 0.00327073 0.910608 0.00354664
19 0.00457827 0.00376459 0.0197328 0.00360336 0.00505587 0.962556 0.000709229
19 0.00411112 0.0524209 0.012997 0.00415047 0.00170021 0.921098 0.00352218
19 0.000492233 0.0454766 0.0119161 0.000353846 0.00021632 0.941212 0.000332787
19 0.000901141 0.000537486 0.00194342 0.000937996 0.00126793 0.994329 8.25473e-05
19 0.00411182 0.056061 0.0171697 0.0112599 0.00618213 0.899945 0.00527062
19 0.00369956 0.0100508 0.0197347 0.0014289 0.00656413 0.956308 0.00221422
19 0.000422324 0.00196665 0.00410129 0.00133684 0.000299553 0.991756 0.000117695
19 0.000509008 0.00105719 0.00094971 0.000227152 0.00042385 0.996788 4.54179e-05
13 0.00702956 0.0198464 0.00294339 0.0034357 0.0197185 0.000957817 0.946069
13 0.00485459 0.0167856 0.0177458 0.0108527 0.0210548 0.000561682 0.928145
13 0.00974338 0.0242177 0.0173559 0.004733 0.0185123 0.011755 0.913683
13 0.000243581 0.0224584 0.000714611 0.0017374 0.00386126 0.00166337 0.969321
13 0.00824284 0.015472 0.0135125 0.0148422 0.00860933 0.000805083 0.938516
13 0.00443906 0.0249899 0.011088 0.00483253 0.0110721 0.0160362 0.927542
13 0.0120861 0.0031629 0.00394266 0.00244233 0.00963408 0.00125577 0.967476
13 0.00482072 0.00545028 0.00203839 0.00983262 0.0115754 0.00149208 0.964791
13 0.00758614 0.0256261 0.0216411 0.00603231 0.00844159 0.00988369 0.920789
13 0.00235544 0.0230856 0.00229005 0.0111428 0.00178236 0.0101097 0.949234
13 0.000354139 0.0283834 0.00667229 0.00361056 0.000793022 0.0175866 0.9426
13 0.0043919 0.0223512 0.00902404 0.0122234 0.0187905 0.00291122 0.930308
13 0.0131019 0.0173498 0.00869055 0.0137573 0.013344 0.002773 0.930983
13 0.00615402 0.00544339 0.00634253 0.0135182 0.00916353 0.0086971 0.950681
13 0.00207871 0.022641 0.00191771 0.000679763 0.00673572 0.00382678 0.96212
19 0.00401978 0.0411 0.0244152 0.0240404 0.00434566 0.895588 0.0064914
13 0.00150565 0.00837572 0.000955901 0.00432168 0.00119105 0.0145861 0.969064
0 0.0244534 0.000486572 0.00401868 0.906266 0.063184 0.00118011 0.00041139
22 0.88648 0.000281599 0.000297332 0.031271 0.0802655 0.000647274 0.000757728
22 0.902131 0.00143888 0.00812424 0.0418155 0.0417757 0.00223634 0.00247811
22 0.961652 0.000172945 0.000560992 0.00334667 0.0338735 0.000332633 6.10857e-05
22 0.889553 0.00104098 0.000256084 0.0012546 0.10107 0.000272183 0.00655332
22 0.898475 0.00429527 0.0139582 0.0236189 0.0416672 0.00173156 0.0162542
22 0.882228 0.00358703 0.00503441 0.0064637 0.100585 0.00105521 0.0010463
22 0.88515 0.00164987 0.00148361 0.00828459 0.0975248 0.00143165 0.00447573
22 0.869524 0.000104693 7.37912e-05 0.0304507 0.0995113 0.000281665 5.40162e-05
22 0.876767 0.00316654 0.00795347 0.0101092 0.0997191 0.000787896 0.00149658
22 0.963052 0.000193106 0.000205154 0.0181949 0.0176066 0.000220328 0.000528106
22 0.863637 0.00404223 0.0117647 0.0152649 0.0992216 0.00501338 0.00105587
22 0.886646 0.00343146 0.00126741 0.0125201 0.0877113 0.00125507 0.00716816
22 0.846339 0.00444169 0.00686302 0.0343502 0.0969097 0.00316092 0.00793546
22 0.871535 0.000828551 0.00731656 0.0479159 0.0707792 0.0010248 0.000600318
22 0.893218 0.0010373 0.000603356 0.00222311 0.101207 0.000526776 0.00118488
22 0.926863 0.00137423 0.0233776 0.0256052 0.0185978 0.00346301 0.000719149
22 0.848043 0.00385393 0.00795623 0.046202 0.0828853 0.00329761 0.00776152
22 0.847963 0.00443497 0.00909798 0.0431181 0.08827 0.00151679 0.0055995
22 0.891461 0.000204166 7.72771e-05 0.00650025 0.101242 0.000377428 0.000137842
22 0.85518 0.0038086 0.00204796 0.0420327 0.0916601 0.0038644 0.00140597
22 0.845855 0.00563544 0.00639277 0.047669 0.077247 0.00322655 0.0139747
22 0.946559 0.000146398 0.000392293 0.0344448 0.0180819 0.000337439 3.86923e-05
22 0.922749 0.00398412 0.01501 0.00787735 0.0457071 0.00148223 0.00319059
22 0.948884 0.00188415 0.01162 0.0233973 0.0106888 0.00205982 0.00146577
22 0.964226 0.000615125 3.84058e-05 0.00495279 0.0284847 0.000404619 0.00127872
11 0.000873629 0.90409 0.0132901 0.00316531 0.00266872 0.0483477 0.0275646
11 0.000268282 0.944464 0.000401372 0.0017579 0.00116397 0.0228949 0.0290492
11 0.00364564 0.911556 0.0213505 0.00836191 0.00956552 0.0167293 0.0287909
11 0.00412904 0.938251 0.0123572 0.00820643 0.00488051 0.00967741 0.0224988
11 0.00296473 0.95147 0.00148389 0.0075953 0.00449049 0.00487398 0.0271214
11 0.00436564 0.960392 0.0122325 0.000778932 0.00401049 0.0112699 0.00695008
11 0.000752333 0.904281 0.00126953 0.00780751 0.00107542 0.0526769 0.0321377
11 0.00564872 0.951141 0.0202298 0.00877397 0.00752404 0.00439544 0.00228705
11 0.00110129 0.880852 0.00452515 0.00553514 0.0010441 0.0940901 0.0128524
11 0.00370562 0.907006 0.00915457 0.00475707 0.00377643 0.0407284 0.0308721
11 0.0042191 0.954453 0.0205966 0.00259003 0.00614882 0.00728801 0.00470461
11 0.000751295 0.916126 0.00313156 0.00751027 0.00144239 0.038931 0.032108
11 0.00252661 0.903331 0.00437472 0.00595011 0.00186362 0.0614877 0.0204664
11 0.00162567 0.951922 0.00818844 0.00247517 0.00112971 0.0208372 0.0138221
11 0.000274242 0.978357 0.000966218 0.000494577 0.000436249 0.0160196 0.00345252
11 0.00368662 0.933255 0.0233227 0.00612738 0.00208389 0.0146334 0.0168908
4 0.00702897 0.0132579 0.960437 0.00482127 0.0112467 0.0028711 0.000337032
4 0.000488676 0.00213299 0.994099 0.000365408 0.00143194 0.00125253 0.000229459
4 0.00344033 0.0154813 0.947606 0.00384641 0.0102641 0.0100526 0.0093093
4 0.000898738 0.00575877 0.957329 0.0128345 0.0051053 0.0147433 0.00332998
4 0.00134394 0.0110225 0.96537 0.0004369 0.010498 0.010025 0.00130415
4 0.00608168 0.0125124 0.945634 0.00467175 0.0280794 0.00236154 0.000658783
4 0.00474627 0.00546441 0.947109 0.0133881 0.0223867 0.00173778 0.00516801
4 0.00677128 0.00326456 0.949558 0.0136883 0.0123266 0.0118707 0.00252042
4 0.00442102 0.0121954 0.946888 0.0113572 0.00719519 0.0109558 0.00698771
0 0.0143904 0.00573463 0.00954368 0.877975 0.084172 0.00471141 0.00347284
0 0.000963605 0.0123424 0.00555791 0.936457 0.00629452 0.0311667 0.00721768
0 0.00756109 0.00841157 0.0226144 0.867688 0.0620251 0.0223469 0.0093533
0 0.0505761 0.00584178 0.012396 0.779455 0.133334 0.00590782 0.0124897
0 0.0101154 0.0152259 0.009094 0.909804 0.0277126 0.00855066 0.0194979
0 0.0234783 0.00364305 0.0127862 0.874652 0.080566 0.0036808 0.0011936
0 0.000275449 0.00026901 0.000264739 0.995444 0.00325593 0.000266151 0.000224903
0 0.0243826 0.00267336 0.000931008 0.887936 0.0554725 0.0032229 0.0253818
0 0.0152286 0.00743677 0.00811545 0.886355 0.0660814 0.00496763 0.0118147
0 0.00501631 0.0146433 0.00438646 0.929613 0.0350782 0.00104587 0.0102167
0 0.0274733 0.00619844 0.00893657 0.903461 0.0496082 0.00222562 0.00209703
0 0.0110718 0.00351593 0.0102052 0.870979 0.0742667 0.00608363 0.0238773
0 0.00036059 0.0125076 0.00244438 0.943369 0.00039935 0.031264 0.00965487
5 0.0230718 0.00559418 0.0104877 0.0686677 0.875936 0.00496065 0.0112818
5 0.0255821 0.00396985 0.0111732 0.0640655 0.87145 0.00128084 0.0224789
5 0.0912265 0.00087794 0.000416639 0.0094089 0.889521 0.000962977 0.00758553
5 0.0479729 0.00924483 0.0135199 0.0588192 0.858201 0.00348453 0.00875729
5 0.0367955 5.50712e-05 0.000103637 0.000940033 0.961809 0.000111342 0.000185779
5 0.0929044 0.000504375 0.000423282 0.0192785 0.885009 0.000398431 0.00148246
5 0.0699614 0.00731271 0.0107563 0.0524374 0.82178 0.007268 0.0304838
5 0.149841 0.00145269 0.0108408 0.0415752 0.794028 0.00179965 0.000462178
5 0.00713769 0.000291533 0.00024771 0.00204958 0.988982 0.00109469 0.000196806
5 0.0864893 0.00117965 0.0158746 0.063691 0.829492 0.000759442 0.00251401
5 0.0925167 0.00362493 0.00449528 0.0281907 0.865727 0.00159647 0.0038484
5 0.100318 0.00249551 0.0108365 0.0328017 0.850359 0.00207608 0.00111301
5 0.0420601 0.0021172 0.00147332 0.0709419 0.87779 0.00101245 0.00460478
5 0.0932253 0.000113958 6.85756e-05 0.0138311 0.892438 0.000185451 0.000138056
19 0.00256301 0.0116373 0.0206432 0.003567 0.00694623 0.953867 0.000776787
19 0.0018163 0.00442376 0.0069898 0.0118678 0.00428252 0.970078 0.000541949
19 0.00190562 0.000224044 0.00654899 0.000370045 0.00210099 0.988689 0.000161546
19 0.00487145 0.00296107 0.0157167 0.0257277 0.0038566 0.94454 0.0023265
19 0.00122707 0.015949 0.0197197 0.00879715 0.00181481 0.951776 0.000715974
19 0.00296289 0.000848505 0.01398 0.00198565 0.00147489 0.97844 0.000308019
19 0.00262932 0.0557416 0.0109043 0.00620726 0.00594412 0.911401 0.0071721
19 0.00228513 0.0551147 0.00116164 0.00942828 0.0014398 0.917039 0.0135313
19 0.00412303 0.0559671 0.00752122 0.00946227 0.00209545 0.912701 0.00813022
19 0.00427556 0.0079832 0.0203396 0.00447244 0.00697448 0.954077 0.00187757
19 0.000793175 6.50339e-05 0.000566726 0.000239061 0.000152194 0.998165 1.84152e-05
19 0.000673727 0.00168221 0.0031851 0.000683303 0.000977083 0.992703 9.544e-05
13 0.000883019 0.0210518 0.00123381 0.00536458 0.000962666 0.00692388 0.96358
13 0.00406502 0.025248 0.0141571 0.0118497 0.00371428 0.0146968 0.926269
13 0.00839615 0.0231803 0.003063 0.00162352 0.00611251 0.00645547 0.951169
13 0.00246459 0.0224815 0.00716225 0.00269179 0.00309421 0.00131442 0.960791
13 0.000916771 0.00793256 0.000519194 0.0118755 0.0006736 0.018111 0.959971
13 0.000174025 0.0222109 0.00226128 0.0108563 0.000453484 0.00566221 0.958382
13 0.00319496 0.0216753 0.0174006 0.00866597 0.0203834 0.00409512 0.924585
13 0.0032245 0.000746318 8.40499e-05 0.000436094 0.0011872 0.000442128 0.99388
13 0.00463166 0.0237368 0.00906279 0.00765745 0.00165117 0.0020266 0.951234
13 0.00502289 0.0244199 0.00586964 0.00772718 0.0147574 0.00881854 0.933384
13 0.000207611 0.0242135 0.00153384 0.00479841 0.000506329 0.0200762 0.948664
13 0.00335232 0.00418642 0.00291498 0.0137665 0.00939161 0.0105752 0.955813
13 0.00127306 0.00786739 0.00465379 0.0127571 0.0118272 0.00233251 0.959289
13 0.00222607 0.0113253 0.00703732 0.00934888 0.000751286 0.0123393 0.956972
13 0.000351927 0.0232086 0.000385591 0.00252482 0.000418111 0.0178611 0.95525
13 0.00746455 0.0129918 0.00765719 0.0100247 0.0169645 0.00803632 0.936861
0 8.13265e-05 0.000299111 0.00891485 0.987419 0.00024993 0.00296093 7.44481e-05
13 0.00231412 0.0248129 0.00504244 0.01166 0.00831262 0.031179 0.916679
