labels 22 11 4 0 5 19 13
5 0.365263 0.0570729 0.040558 0.0841088 0.382032 0.00518253 0.0657821
22 0.894554 0.000483501 0.0031201 0.01553 0.0847767 0.000977641 0.000557773
22 0.381295 0.0521611 0.0168151 0.0856242 0.134137 0.00888778 0.321081
22 0.541064 0.00433405 0.0439267 0.331737 0.049578 0.0261883 0.00317198
22 0.941192 0.000285167 0.000398119 0.0106812 0.0465686 0.000825719 4.88267e-05
22 0.900891 0.00205283 0.0632256 0.00291349 0.02841 0.00124919 0.00125782
22 0.86414 0.00579376 0.0133285 0.0759431 0.0179857 0.0075842 0.0152248
22 0.642277 0.00850572 0.0494792 0.197511 0.0727954 0.00648834 0.0229433
5 0.138195 0.00103312 0.000506713 0.0348075 0.823267 0.00184768 0.000342872
22 0.978729 0.000603939 0.000323789 0.00655703 0.0112918 0.00100775 0.00148723
22 0.876728 0.00331737 0.00495371 0.0238978 0.0670275 0.00453644 0.0195389
22 0.903207 0.000534704 0.000386843 0.0106538 0.0842946 0.000541348 0.000381777
22 0.595579 0.000719568 0.00120533 0.0178822 0.38266 0.00111254 0.000841511
22 0.902612 0.00334925 0.00171555 0.0161622 0.0708296 0.00182782 0.00350329
22 0.776634 0.000404524 0.000303877 0.0149158 0.207384 0.000313134 4.44757e-05
22 0.779038 0.00083459 0.00229922 0.0723438 0.143 0.000855818 0.00162922
22 0.988428 0.000768318 0.000178248 0.000855476 0.00858937 0.000252033 0.000928913
22 0.564691 0.00326575 0.0550434 0.198051 0.161374 0.0112025 0.00637192
22 0.994983 0.000199973 0.000304847 4.17621e-05 0.00415827 0.000262082 4.96326e-05
22 0.651458 0.00160005 0.014389 0.0655925 0.261309 0.00280279 0.00284886
5 0.436481 0.000138257 0.000496806 0.0746842 0.487498 0.000668245 3.29744e-05
0 0.275047 0.00356718 0.034531 0.520659 0.157958 0.00259136 0.00564744
4 0.190809 0.00556187 0.494448 0.0236469 0.275241 0.00522229 0.00507051
22 0.743183 0.00464862 0.0103351 0.0641418 0.117907 0.00359859 0.0561861
22 0.805919 0.00147092 0.00171774 0.00840505 0.179475 0.00137415 0.00163738
11 0.00901559 0.486577 0.0147829 0.0373069 0.0108926 0.316788 0.124637
11 0.00512962 0.851277 0.0780065 0.0119932 0.0217004 0.0202444 0.0116489
11 0.000684193 0.934618 0.00619415 0.00321451 0.000650119 0.0432028 0.0114363
11 0.00427355 0.595279 0.258907 0.0154073 0.0441552 0.0511268 0.0308505
11 0.00171311 0.917206 0.0536781 0.000799111 0.00177092 0.0192785 0.00555404
11 0.0193606 0.777519 0.0141808 0.0307275 0.0666736 0.0181237 0.0734144
11 0.000219107 0.992648 0.00142729 0.000169735 0.00027272 0.00463653 0.000626319
13 0.054899 0.369599 0.0590721 0.0195937 0.0600953 0.00512094 0.43162
11 0.000840767 0.771452 0.0200904 0.00327152 0.00141096 0.181273 0.0216618
11 0.000328716 0.972286 0.00265011 0.000672055 0.00034429 0.00576358 0.0179549
11 0.000237688 0.968285 0.000806413 0.000894404 0.000640573 0.00523836 0.0238978
11 0.00434894 0.778695 0.0190795 0.00573277 0.000848569 0.118594 0.0727004
11 0.000926323 0.983244 0.00271668 0.00189647 0.00419966 0.00337441 0.00364228
11 0.0367772 0.767567 0.0199196 0.0125893 0.0113865 0.00374124 0.148019
11 0.000521286 0.609143 0.000771751 0.0144544 0.00042291 0.324261 0.0504255
11 0.0013582 0.87089 0.0531141 0.0252272 0.00145408 0.032598 0.0153581
4 0.0370149 0.0236473 0.854931 0.0431123 0.022015 0.00408313 0.0151963
4 0.051862 0.134345 0.596155 0.0145648 0.0758809 0.0167317 0.110461
4 0.0115932 0.0769908 0.606652 0.0422372 0.0135246 0.195629 0.0533732
0 0.012789 0.0696678 0.112859 0.483378 0.033949 0.175735 0.111622
11 0.00476499 0.631141 0.254683 0.0398802 0.0250127 0.0315363 0.0129809
4 0.00446711 0.00390738 0.975508 0.00174735 0.0131432 0.000936671 0.000290275
4 0.00102806 0.00563754 0.981041 0.000939669 0.0043543 0.00568222 0.00131673
4 0.00665468 0.0097977 0.961197 0.00722817 0.00791634 0.00176477 0.0054416
4 0.00361374 0.0191331 0.925036 0.0218418 0.0074608 0.0156241 0.00729093
0 0.0218262 0.0010712 0.00721355 0.840568 0.127394 0.00175331 0.000173626
0 0.178337 0.00216483 0.00986681 0.610519 0.194813 0.00171509 0.00258517
0 0.0457317 0.00306268 0.0417981 0.637654 0.264927 0.00304945 0.00377673
0 0.00136063 0.00203296 0.0069689 0.949027 0.00155089 0.0159123 0.023147
0 0.068589 0.00970649 0.00743743 0.660084 0.236094 0.00148481 0.0166038
0 0.000904935 0.000681665 0.00215266 0.990231 0.00466746 0.00109548 0.000267097
0 0.0840199 0.00140484 0.00199638 0.550511 0.349133 0.00117198 0.0117632
0 0.0112398 0.000481148 0.000162294 0.957413 0.00929282 0.000533582 0.0208774
0 0.0616825 0.000926247 0.000723128 0.864654 0.071383 0.000354738 0.000275909
0 0.0219145 0.00885561 0.297653 0.530911 0.108143 0.0149063 0.0176155
0 0.0074579 0.00392902 0.00343818 0.800186 0.168954 0.0015156 0.0145193
0 0.116897 0.0491749 0.0526099 0.514844 0.102993 0.0277717 0.13571
0 0.021084 0.019717 0.0512352 0.819184 0.0243636 0.0267051 0.0377112
5 0.0509178 0.0414774 0.0532931 0.210218 0.609813 0.00599973 0.0282816
5 0.0089736 0.00349938 0.00173268 0.0993598 0.864998 0.000810959 0.0206255
22 0.517586 0.00268618 0.000730309 0.0110292 0.462744 0.000960636 0.00426375
22 0.63695 0.00126733 0.0001695 0.00419299 0.356426 0.000726875 0.000266898
5 0.132083 0.0629574 0.065311 0.198413 0.500589 0.00700751 0.0336397
0 0.104446 0.0336785 0.139383 0.579202 0.128637 0.00611676 0.00853582
5 0.0984316 0.00173386 0.00186753 0.040965 0.854192 0.00136371 0.00144624
22 0.657578 0.00680759 0.00249636 0.0403594 0.271959 0.00291888 0.0178817
5 0.0316014 0.000422909 0.000498667 0.00594892 0.95956 0.00142057 0.000548025
5 0.242079 0.00251605 0.00208179 0.0427052 0.702323 0.00135626 0.00693867
5 0.0248201 0.00647369 0.0303381 0.0409093 0.878262 0.000827831 0.0183691
5 0.0206367 0.00253066 0.0116288 0.0410023 0.915142 0.00152921 0.0075299
5 0.221205 0.00633006 0.0182424 0.0430859 0.668833 0.00365659 0.0386468
5 0.399705 0.000867669 0.00252468 0.0162209 0.579743 0.000717244 0.000220859
19 0.00706244 0.0933468 0.123983 0.0232125 0.00601069 0.739961 0.00642378
19 0.00612034 0.00115722 0.00694334 0.000778816 0.00317798 0.980881 0.000941028
19 0.00264355 0.0252442 0.110244 0.0175124 0.00558467 0.83479 0.00398063
4 0.00603462 0.207182 0.515424 0.0472814 0.0126033 0.198582 0.0128921
19 0.00600996 0.0314746 0.0206716 0.0109819 0.00374331 0.926252 0.000866055
19 0.00578626 0.0312108 0.0104875 0.0248694 0.0175466 0.888292 0.0218075
19 0.00294726 0.00197691 0.00867482 0.00251136 0.0139457 0.96884 0.00110423
19 0.00514456 0.400865 0.0263155 0.0216417 0.00407505 0.477335 0.0646228
19 0.00484511 0.169193 0.0167635 0.0582803 0.0146309 0.720223 0.0160645
19 0.00415928 0.0253473 0.115979 0.00525835 0.00802608 0.828082 0.0131472
19 0.00271987 0.0315294 0.0544654 0.0109625 0.0123798 0.885847 0.00209621
11 0.00112505 0.933327 0.000622822 0.00774737 0.000927387 0.0255226 0.0307281
11 0.0342526 0.353421 0.143606 0.11045 0.0592783 0.0670248 0.231967
13 0.0243187 0.0736155 0.0648909 0.0377231 0.039482 0.0849463 0.675023
13 0.245882 0.0183493 0.054542 0.0979517 0.111255 0.00624589 0.465774
13 0.170153 0.0224379 0.077057 0.0494624 0.279446 0.0123446 0.3891
13 0.00349405 0.0397651 0.0026691 0.00582027 0.00150959 0.00149145 0.94525
13 0.0204356 0.0616441 0.128749 0.0398354 0.0500339 0.0115029 0.687799
13 0.00523685 0.335304 0.0193828 0.0273175 0.0259844 0.0115132 0.575261
13 0.0281372 0.231553 0.0236448 0.0233148 0.0114835 0.00303464 0.678832
13 0.0736191 0.0262434 0.0119853 0.0492714 0.390069 0.00547374 0.443338
13 0.00105164 0.0581744 0.00371841 0.0219984 0.00319772 0.0166599 0.8952
13 0.00438946 0.00466302 0.00487366 0.00380849 0.00796551 0.00336103 0.970939
13 0.0071896 0.0145868 0.00548658 0.0395354 0.0134433 0.00396977 0.915788
13 0.00127174 0.00483919 0.00115892 0.00366592 0.00108115 0.0132887 0.974694
13 0.0034037 0.0214937 0.0467629 0.0116979 0.012313 0.0077204 0.896608
13 0.00193479 0.00598714 0.00193701 0.000919381 0.00296516 0.00105861 0.985198
22 0.412275 0.013223 0.114687 0.142607 0.261374 0.0117311 0.0441036
4 0.0201549 0.179297 0.360278 0.0164823 0.0681307 0.0267139 0.328943
0 0.022427 0.0109236 0.246291 0.571123 0.0962206 0.00685027 0.0461647
